Avg_MHz	Busy%	IPC	IRQ	PkgTmp	PkgWatt
179	17.90	0.93	166940	45	93.67
178	17.84	0.93	166063	45	93.79
173	17.36	0.93	163633	45	93.55
174	17.40	0.93	163827	45	93.66
171	17.17	0.93	161559	45	93.53
156	15.67	0.94	161265	45	93.22
150	15.05	0.94	159992	45	92.88
148	14.88	0.94	159884	45	92.78
148	14.85	0.95	161456	45	92.68
148	14.81	0.94	161865	45	92.97
147	14.76	0.94	161910	45	92.73
148	14.83	0.94	160666	45	92.83
154	15.48	0.96	161242	45	93.11
184	18.41	0.90	174065	45	93.73
185	18.51	0.90	173036	45	93.93
184	18.44	0.90	173728	45	93.70
184	18.46	0.89	172111	45	93.96
185	18.51	0.90	174045	45	93.87
188	18.84	0.89	173755	45	93.80
176	17.60	0.91	173896	45	93.40
166	16.65	0.91	172220	45	93.08
160	16.03	0.91	169391	45	92.88
160	16.02	0.92	169835	45	92.94
158	15.87	0.92	171569	45	92.72
158	15.89	0.92	171664	45	92.77
159	15.89	0.92	171742	45	92.86
166	16.63	0.93	171857	45	93.10
160	16.03	0.92	171658	45	92.78
255	10.15	0.82	223166	46	117.75
272	9.32	0.78	231006	46	120.74
209	7.55	0.83	229724	46	111.38
190	6.98	0.85	227990	46	108.34
190	6.97	0.85	227659	46	108.26
190	6.97	0.84	227303	46	108.33
191	7.02	0.85	227625	46	108.23
192	7.06	0.84	227139	46	108.34
194	7.11	0.84	226763	50	108.65
200	7.33	0.85	226642	46	109.36
185	18.50	0.90	173741	45	93.94
184	18.44	0.90	173537	45	93.99
184	18.42	0.90	174665	45	93.99
185	18.56	0.89	172628	45	93.80
184	18.44	0.90	172231	45	93.84
184	18.41	0.90	171292	45	93.59
169	16.97	0.91	171347	45	93.24
163	16.33	0.91	171114	45	92.95
162	16.27	0.91	170830	45	92.90
159	15.90	0.92	170399	45	92.87
159	15.92	0.92	170311	45	93.02
159	15.90	0.92	171516	45	92.76
158	15.83	0.92	171398	45	92.82
166	16.64	0.93	171716	46	92.96
182	15.03	0.88	180878	46	98.12
276	9.50	0.80	229950	46	120.63
247	8.63	0.78	229496	46	116.75
200	7.29	0.83	227665	46	109.60
196	7.16	0.84	226452	46	108.90
191	7.03	0.85	227095	46	108.31
192	7.06	0.84	226404	46	108.43
191	7.03	0.85	226669	46	108.31
191	7.00	0.85	227071	46	108.33
198	7.24	0.82	227240	47	109.41
184	18.50	0.90	174054	45	93.80
184	18.42	0.90	174575	45	94.10
184	18.42	0.90	173650	45	93.76
187	18.76	0.90	174133	46	93.75
184	18.45	0.90	173970	45	93.68
183	18.35	0.90	173773	45	93.94
170	17.03	0.91	173634	45	93.12
162	16.27	0.92	172569	45	92.88
158	15.87	0.92	170870	45	92.85
158	15.81	0.93	171066	45	92.73
158	15.84	0.92	171815	45	93.00
160	16.02	0.92	170200	45	92.76
159	15.89	0.92	172000	45	92.76
166	16.67	0.93	171423	45	93.07
180	15.04	0.89	178788	46	97.65
274	9.43	0.80	230294	46	120.59
248	8.65	0.79	229482	47	116.73
198	7.24	0.83	228056	47	109.10
191	7.00	0.84	227361	47	108.25
191	7.01	0.84	227105	47	108.29
191	6.99	0.84	227185	47	108.67
191	7.00	0.84	227882	46	108.49
191	7.01	0.84	227609	46	108.41
202	7.34	0.85	227196	47	109.71
185	18.55	0.90	174862	45	94.07
184	18.42	0.90	173927	45	94.04
184	18.43	0.90	174029	45	93.91
183	18.38	0.90	173801	45	93.94
183	18.39	0.89	172385	45	94.07
184	18.40	0.89	171496	46	94.00
169	16.97	0.91	171190	46	93.26
164	16.49	0.91	171669	45	93.00
160	16.01	0.91	172045	45	93.09
159	15.89	0.92	171401	45	93.14
159	15.95	0.91	171135	45	93.05
160	16.00	0.92	170027	45	93.09
160	16.00	0.92	171443	46	93.03
166	16.66	0.93	172136	45	93.21
183	15.14	0.88	180997	46	98.11
275	9.45	0.80	230059	47	120.76
247	8.65	0.81	230085	46	116.80
201	7.35	0.84	228483	47	109.63
190	6.98	0.84	227251	47	108.53
189	6.97	0.85	227213	47	108.29
191	7.00	0.85	227258	47	108.59
190	6.99	0.85	227246	47	108.56
190	7.00	0.85	226751	47	108.41
199	7.25	0.86	226889	47	109.61
140	14.06	0.75	187746	45	92.70
139	13.96	0.75	187495	45	92.67
143	14.30	0.74	187428	45	92.71
140	14.01	0.74	187669	45	92.45
140	14.01	0.74	187939	46	92.58
139	13.95	0.74	188132	45	92.49
122	12.28	0.74	187290	45	91.44
117	11.68	0.74	185889	45	91.30
114	11.43	0.74	185286	46	91.02
114	11.43	0.74	185675	45	91.17
115	11.51	0.74	185119	46	91.12
115	11.55	0.73	185724	45	91.16
116	11.66	0.73	185238	45	91.22
124	12.44	0.75	185983	45	91.54
145	14.52	0.73	187846	45	92.94
144	14.46	0.73	187390	45	92.68
144	14.47	0.73	187612	45	92.71
144	14.43	0.73	187261	45	92.71
144	14.47	0.74	186395	45	92.42
144	14.41	0.74	186941	45	92.79
137	13.73	0.74	186738	45	91.97
129	12.92	0.73	186234	46	91.73
119	11.89	0.73	184642	46	91.20
119	11.94	0.72	184863	45	91.13
119	11.88	0.72	185344	45	91.14
116	11.66	0.73	182512	46	91.06
111	11.14	0.75	175624	45	90.89
117	11.72	0.77	175880	45	91.43
112	11.24	0.76	173225	45	91.15
140	13.99	0.76	177951	45	92.36
144	14.41	0.75	177244	46	92.51
140	14.06	0.75	177743	46	92.31
140	14.00	0.76	177947	46	92.34
139	13.97	0.76	178303	45	92.38
140	14.05	0.75	178105	46	92.37
138	13.79	0.76	177823	45	92.22
122	12.25	0.76	177476	45	91.51
114	11.43	0.75	176294	45	91.04
114	11.46	0.75	175889	45	91.03
114	11.46	0.75	175896	46	91.00
115	11.54	0.75	175795	45	91.09
114	11.45	0.75	175888	46	90.98
114	11.46	0.75	175680	46	90.96
121	12.18	0.78	174639	45	91.50
143	14.29	0.76	176842	45	92.46
142	14.23	0.76	177550	45	92.33
142	14.23	0.76	177525	45	92.45
142	14.25	0.76	177109	46	92.36
142	14.24	0.76	177418	46	92.41
146	14.62	0.76	176988	45	92.31
142	14.26	0.76	177516	45	92.30
137	13.74	0.76	177271	45	92.17
123	12.36	0.76	177060	45	91.29
115	11.54	0.76	175866	45	90.94
115	11.53	0.76	175221	45	90.99
115	11.52	0.76	175548	45	91.00
115	11.54	0.76	175798	45	90.96
115	11.54	0.75	175710	45	90.94
120	12.03	0.77	176183	45	91.10
119	11.90	0.77	173842	45	90.97
146	14.66	0.76	177007	46	92.30
147	14.76	0.75	176790	45	92.25
147	14.78	0.75	176127	45	92.38
147	14.74	0.75	176726	45	92.46
147	14.73	0.75	177414	45	92.33
147	14.71	0.75	177119	45	92.15
147	14.72	0.76	177143	45	92.14
149	14.90	0.75	176591	45	92.20
136	13.66	0.75	177687	45	91.81
123	12.37	0.75	176835	45	91.20
119	11.91	0.75	175753	45	90.93
119	11.91	0.76	175426	45	91.04
119	11.92	0.75	175411	45	90.87
119	11.91	0.75	175404	45	90.90
119	11.91	0.76	175390	45	90.85
126	12.68	0.78	175164	45	91.23
163	16.36	0.74	186544	45	92.64
158	15.79	0.74	187249	45	92.42
157	15.72	0.75	186700	45	92.44
157	15.78	0.74	186793	45	92.32
158	15.84	0.74	186870	45	92.56
158	15.85	0.74	186524	45	92.40
158	15.84	0.74	186498	45	92.42
158	15.86	0.74	186013	45	92.25
159	15.98	0.73	186407	45	92.13
141	14.17	0.74	186219	45	91.48
132	13.26	0.74	185623	45	91.16
129	12.89	0.74	185766	45	91.07
129	12.88	0.74	185837	45	90.87
128	12.88	0.74	185294	45	90.87
129	12.89	0.74	185171	45	90.93
129	12.92	0.74	185210	45	90.91
137	13.75	0.77	185673	45	91.45
163	16.29	0.74	187598	45	92.31
161	16.16	0.74	187481	45	92.15
166	16.61	0.73	187285	45	92.44
162	16.19	0.74	186547	45	92.30
161	16.13	0.74	187137	45	92.20
162	16.18	0.74	187287	45	92.32
162	16.22	0.74	187552	46	92.20
162	16.25	0.74	186756	45	92.07
162	16.21	0.74	187372	45	91.90
154	15.44	0.74	186997	45	91.60
139	13.97	0.73	186768	45	91.30
133	13.32	0.73	185361	45	90.87
133	13.38	0.74	184850	45	91.01
133	13.33	0.74	88620	45	90.89
