Avg_MHz	Busy%	IPC	IRQ	PkgTmp	PkgWatt
155	15.50	0.88	153472	44	92.81
154	15.39	0.88	153055	44	92.71
156	15.62	0.89	153845	44	92.64
158	15.88	0.89	153644	44	92.64
180	18.02	0.87	154365	44	93.05
179	17.97	0.87	154518	44	92.95
180	18.00	0.86	154234	45	92.92
173	17.33	0.87	154514	44	93.01
164	16.49	0.87	154791	44	92.78
155	15.58	0.88	153148	44	92.60
155	15.55	0.88	152922	44	92.60
155	15.57	0.88	152800	44	92.69
156	15.63	0.88	152491	44	92.58
156	15.65	0.88	152880	44	92.39
160	15.97	0.88	152997	44	92.83
160	16.03	0.88	152511	44	92.66
243	11.33	0.80	203381	45	113.50
210	7.61	0.83	225961	45	113.54
183	6.79	0.85	224087	45	110.63
181	6.73	0.85	223471	45	110.21
181	6.73	0.85	223318	46	110.31
180	6.73	0.85	223572	45	110.20
180	6.72	0.84	223279	46	110.10
180	6.72	0.84	223386	46	110.31
188	6.96	0.86	223285	46	111.33
177	17.70	0.88	158715	44	93.34
179	17.96	0.86	154560	44	93.31
178	17.90	0.87	154790	44	93.12
164	16.39	0.88	154470	45	93.00
158	15.87	0.88	153628	45	92.88
156	15.61	0.88	152620	44	92.67
156	15.60	0.88	151970	44	92.60
155	15.51	0.88	152700	45	92.63
156	15.67	0.88	153009	45	92.82
156	15.63	0.87	152705	44	92.61
163	16.32	0.89	153318	45	92.94
180	14.94	0.84	160322	48	97.57
243	8.53	0.82	225641	46	118.84
190	7.04	0.84	223972	46	111.62
181	6.76	0.85	222503	46	110.62
181	6.77	0.85	222404	46	110.21
181	6.77	0.84	222580	46	110.31
182	6.77	0.84	222533	46	110.27
182	6.78	0.84	222385	46	110.33
189	6.99	0.85	222795	46	111.44
180	18.01	0.86	154709	45	93.92
179	17.96	0.86	154914	45	93.54
179	17.91	0.87	155012	45	93.56
174	17.45	0.87	154810	45	93.34
163	16.31	0.88	154866	45	93.03
156	15.69	0.88	152954	44	92.47
155	15.55	0.88	153415	45	92.87
155	15.57	0.88	152668	44	92.65
155	15.53	0.88	152623	45	92.59
155	15.55	0.88	152735	45	92.45
156	15.63	0.88	152839	45	92.77
161	16.10	0.90	153052	45	92.96
183	18.34	0.86	155573	44	93.47
183	18.31	0.87	155170	45	93.45
183	18.31	0.86	155063	45	93.50
182	18.24	0.87	154552	45	93.57
171	17.15	0.88	155150	45	93.26
164	16.43	0.88	154447	44	92.80
159	15.89	0.88	152430	44	92.85
158	15.88	0.88	152260	45	92.60
158	15.83	0.88	152837	44	92.61
158	15.79	0.88	153042	45	92.76
158	15.81	0.88	153034	45	92.65
165	16.52	0.89	153108	44	92.96
159	15.89	0.89	152716	45	92.88
257	9.80	0.80	218721	46	119.40
217	7.86	0.83	224907	46	114.61
187	6.99	0.85	223324	46	110.45
184	6.89	0.85	222891	46	110.16
184	6.88	0.85	222988	46	110.02
183	6.87	0.86	223123	46	109.91
183	6.85	0.86	223122	47	109.95
183	6.87	0.86	223061	46	109.98
191	7.09	0.86	223133	47	111.08
182	18.22	0.87	155054	45	93.78
182	18.27	0.87	154953	45	93.92
183	18.32	0.87	155257	45	94.26
175	17.56	0.89	143541	45	93.99
171	17.12	0.88	152569	45	93.47
164	16.46	0.88	154150	45	92.82
157	15.77	0.88	152331	45	92.84
158	15.80	0.88	152668	45	92.71
158	15.86	0.88	152840	45	92.94
158	15.86	0.88	152595	45	92.69
158	15.86	0.88	152570	44	92.68
165	16.50	0.90	152932	45	92.94
159	15.93	0.88	152425	45	92.64
260	10.22	0.81	217755	46	118.46
222	7.98	0.82	225770	46	115.27
187	6.96	0.84	223933	46	110.60
184	6.86	0.84	223144	46	110.17
184	6.87	0.85	222947	46	110.19
184	6.87	0.85	222897	46	109.88
184	6.85	0.85	223001	47	108.37
183	6.83	0.84	223489	46	108.31
190	7.03	0.86	223704	47	109.32
183	18.37	0.86	154846	45	93.27
183	18.33	0.86	155211	45	92.79
183	18.36	0.86	155599	45	92.84
184	18.45	0.85	154884	45	93.37
184	18.44	0.85	155126	45	93.38
183	18.38	0.85	154455	45	93.38
174	17.46	0.87	152840	45	92.73
160	16.02	0.89	143139	45	92.37
152	15.22	0.90	141426	45	92.70
152	15.26	0.89	141013	45	92.54
152	15.26	0.89	141631	45	92.74
152	15.21	0.89	141248	45	92.71
152	15.21	0.89	141403	45	92.52
157	15.72	0.90	141029	45	92.50
155	15.49	0.89	140208	45	92.60
182	18.26	0.86	145965	45	93.25
188	18.87	0.85	154820	45	93.07
188	18.84	0.85	155033	45	93.01
187	18.79	0.85	154919	45	92.77
188	18.83	0.86	154761	45	92.81
182	18.25	0.87	147295	45	92.99
180	18.04	0.87	144156	45	92.87
170	17.06	0.88	143858	45	92.70
160	16.06	0.89	143055	45	92.56
155	15.51	0.89	141588	45	92.81
155	15.57	0.89	141408	45	92.35
155	15.53	0.89	142076	45	92.75
155	15.60	0.89	141163	45	92.36
155	15.57	0.89	141718	45	92.75
162	16.25	0.90	141249	45	92.57
157	15.73	0.89	135786	45	92.63
263	9.13	0.77	212044	46	120.43
256	8.89	0.77	216050	46	119.97
213	7.69	0.85	215249	47	113.43
179	6.69	0.87	213833	47	108.27
176	6.58	0.88	213262	47	107.59
176	6.58	0.88	213448	47	107.50
176	6.61	0.88	213003	46	107.59
176	6.59	0.88	212870	46	107.75
176	6.58	0.88	213091	46	107.52
186	6.86	0.88	211901	47	109.05
176	17.58	0.91	157941	45	93.57
174	17.47	0.92	158463	45	92.91
174	17.45	0.92	158821	45	92.83
174	17.46	0.92	158411	45	93.00
174	17.44	0.92	159215	45	93.31
174	17.46	0.92	158288	45	92.87
174	17.45	0.92	158628	45	92.96
168	16.88	0.91	156232	45	93.00
163	16.30	0.89	143756	45	92.81
156	15.63	0.90	141926	45	92.77
156	15.61	0.89	141992	45	92.64
156	15.62	0.89	142065	45	92.55
155	15.59	0.90	142117	45	92.70
156	15.58	0.90	141577	45	92.86
161	16.10	0.90	142864	45	92.80
157	15.77	0.89	141462	45	92.79
264	11.05	0.79	203889	46	116.38
276	9.52	0.79	221357	46	120.55
229	8.18	0.81	225496	46	114.47
192	7.11	0.83	224178	47	109.00
188	6.98	0.83	223236	47	108.32
188	6.98	0.83	223423	47	108.10
189	6.99	0.83	223365	47	108.37
189	7.00	0.83	223422	46	108.28
189	7.01	0.83	223428	47	108.26
199	7.30	0.84	223064	47	109.58
183	18.38	0.88	170679	45	93.33
183	18.33	0.88	170055	46	93.47
183	18.34	0.88	170451	45	93.27
183	18.30	0.88	170204	45	93.33
183	18.33	0.89	170684	45	93.51
183	18.37	0.88	170231	45	93.08
184	18.42	0.88	170385	45	93.04
172	17.22	0.89	170122	45	92.98
167	16.78	0.88	160600	45	92.50
165	16.53	0.87	154018	45	92.79
164	16.48	0.86	153925	45	92.84
164	16.42	0.85	153832	45	92.67
164	16.46	0.85	153817	45	92.73
164	16.51	0.86	153821	45	92.43
171	17.16	0.87	153956	45	93.23
193	19.37	0.85	156374	45	93.21
193	19.31	0.85	155689	45	93.24
193	19.36	0.85	156641	45	93.19
193	19.35	0.84	156342	45	93.26
193	19.32	0.85	156104	45	93.49
192	19.31	0.85	155728	45	93.16
192	19.28	0.85	156177	45	93.62
192	19.26	0.85	156048	45	93.49
184	18.43	0.86	155708	45	92.86
172	17.25	0.87	154702	45	93.07
165	16.51	0.87	153829	45	92.78
167	16.75	0.86	154301	45	92.84
168	16.86	0.85	154685	45	92.99
169	16.91	0.83	154381	45	92.81
137	13.75	0.70	163009	45	91.83
132	13.22	0.66	165798	45	91.50
125	12.54	0.63	147175	45	91.21
