Avg_MHz	Busy%	IPC	IRQ	PkgTmp	PkgWatt
154	6.64	0.74	227281	47	100.47
155	6.29	0.74	227751	47	101.37
153	6.31	0.73	228590	47	100.64
153	6.34	0.74	228857	47	100.68
154	6.20	0.75	228909	47	100.69
152	6.15	0.74	229381	48	100.55
152	6.17	0.74	229606	48	100.68
155	6.44	0.75	228958	48	100.68
151	6.66	0.74	228449	47	100.10
151	6.28	0.75	228864	47	100.38
151	6.41	0.74	228882	47	100.17
151	6.35	0.74	228790	48	100.19
154	6.61	0.74	228227	47	100.30
152	6.54	0.74	228359	47	100.04
150	6.31	0.74	228946	47	100.17
152	6.39	0.75	228397	48	100.08
157	6.63	0.75	228846	48	100.54
150	6.41	0.74	228863	48	100.11
152	6.46	0.74	228393	47	100.07
152	6.51	0.75	228443	47	100.16
151	6.38	0.74	228507	48	100.14
152	6.49	0.75	228628	47	100.13
152	6.59	0.74	228643	47	100.05
151	6.52	0.74	228139	47	100.12
152	6.67	0.75	228206	47	99.98
193	8.02	0.74	229415	47	104.12
153	6.67	0.74	227789	48	99.94
153	6.75	0.74	228410	47	100.22
152	6.68	0.74	228626	47	100.10
152	6.71	0.74	228331	47	100.03
170	7.37	0.78	228283	48	101.06
209	8.37	0.77	233366	47	108.80
218	8.59	0.91	229360	50	107.86
190	7.93	0.80	230930	47	104.69
152	6.48	0.74	228678	48	100.03
183	7.43	0.77	228995	48	102.79
202	8.19	0.81	231047	48	104.87
190	7.66	0.79	229578	47	103.83
153	6.54	0.74	227146	48	100.35
152	6.49	0.74	228743	47	100.29
152	6.47	0.74	228153	47	100.26
157	6.70	0.75	228454	48	100.49
160	6.79	0.76	229118	47	101.16
145	9.05	0.75	203140	46	96.98
148	14.85	0.76	174600	46	91.97
148	14.88	0.76	175408	46	91.86
150	15.01	0.77	175255	45	92.07
150	15.03	0.77	175217	46	91.97
134	13.39	0.77	175174	46	91.71
129	12.90	0.77	174162	46	91.95
125	12.56	0.77	173919	46	91.88
125	12.53	0.77	173293	45	91.78
127	12.70	0.77	174095	46	91.80
126	12.62	0.77	173927	46	91.84
122	12.27	0.77	169807	46	91.70
131	13.09	0.79	171905	45	91.72
154	15.43	0.77	174711	45	92.02
153	15.33	0.77	176697	45	92.03
152	15.25	0.76	176207	45	92.12
158	15.85	0.78	175873	45	92.36
151	15.11	0.77	175879	45	91.97
135	13.56	0.77	175768	45	91.91
131	13.12	0.77	172791	45	91.79
128	12.87	0.77	174134	45	91.68
128	12.82	0.76	174122	45	91.95
128	12.86	0.77	173488	45	91.74
128	12.85	0.77	174067	45	91.72
130	13.03	0.76	173285	45	91.65
134	13.45	0.79	173734	45	91.78
156	15.67	0.76	175356	44	92.03
156	15.62	0.76	176108	45	91.79
157	15.73	0.77	175595	45	91.94
157	15.69	0.77	174576	44	91.89
157	15.75	0.77	175153	45	91.83
144	14.40	0.77	174259	45	91.87
137	13.76	0.76	174534	44	91.77
130	12.99	0.77	170365	44	91.66
124	12.44	0.79	162087	44	91.57
125	12.56	0.79	163110	44	91.60
126	12.59	0.78	165974	45	91.64
125	12.53	0.78	164140	45	91.75
135	13.54	0.80	167952	44	91.72
163	16.35	0.76	178080	44	91.99
161	16.17	0.76	177476	44	91.91
162	16.25	0.76	177462	44	92.11
161	16.15	0.76	178697	44	91.98
161	16.14	0.76	179164	44	91.88
164	16.40	0.76	177591	44	92.14
157	15.71	0.77	177912	44	91.96
144	14.46	0.77	178024	44	91.66
135	13.48	0.76	175500	44	91.75
136	13.61	0.77	175735	44	91.78
136	13.59	0.77	176823	44	91.68
134	13.48	0.76	176587	44	91.83
136	13.62	0.77	176456	44	91.90
139	13.98	0.78	176318	44	91.77
139	13.93	0.77	176557	44	91.83
166	16.64	0.77	177606	44	92.40
165	16.56	0.77	178259	44	92.09
163	16.36	0.76	177874	44	91.95
165	16.48	0.77	177943	44	92.28
164	16.48	0.77	178501	44	92.15
163	16.34	0.76	179229	44	91.98
159	15.94	0.76	177007	44	91.95
148	14.78	0.77	177207	44	91.92
140	14.07	0.77	177021	44	91.07
139	13.82	0.77	180171	44	92.52
138	13.81	0.76	176144	44	91.82
140	14.03	0.77	175216	44	91.85
139	13.93	0.76	175907	44	91.86
141	14.13	0.77	177078	44	91.46
143	14.28	0.79	176619	44	92.26
170	17.01	0.77	176724	44	92.18
169	16.94	0.76	177087	44	92.12
170	17.04	0.77	175383	44	92.27
169	16.94	0.76	177634	44	92.10
168	16.81	0.77	177682	44	92.04
168	16.85	0.76	177593	44	92.18
169	16.90	0.77	178033	44	92.22
157	15.77	0.77	178253	44	91.72
147	14.71	0.76	176236	44	91.95
143	14.31	0.77	175546	44	91.71
143	14.33	0.77	176436	44	91.76
142	14.25	0.76	176043	44	91.75
141	14.13	0.77	175762	44	91.74
142	14.25	0.77	174907	44	91.63
147	14.79	0.79	177068	44	91.67
170	17.08	0.78	178033	44	92.47
173	17.37	0.77	177624	44	91.95
172	17.25	0.77	177001	44	91.82
172	17.21	0.76	178601	44	92.31
173	17.33	0.77	177835	44	92.09
173	17.38	0.77	178884	44	92.10
171	17.13	0.76	178439	44	92.12
172	17.29	0.76	176919	44	92.14
174	17.42	0.78	177896	44	92.21
156	15.58	0.77	177250	44	91.99
149	14.92	0.78	175447	44	91.69
137	13.69	0.79	165223	44	91.46
137	13.73	0.79	164454	44	91.70
136	13.64	0.79	164684	44	91.55
138	13.79	0.80	164303	44	91.51
136	13.66	0.79	164760	44	91.44
144	14.47	0.82	164289	44	91.71
167	16.76	0.79	166310	44	91.98
166	16.67	0.79	167066	44	91.87
169	16.91	0.79	164939	44	91.93
167	16.70	0.79	167153	44	91.76
167	16.69	0.78	166943	44	91.81
168	16.87	0.79	165811	44	91.77
167	16.71	0.78	165891	44	91.74
168	16.85	0.79	166957	44	91.88
169	16.91	0.80	166063	44	91.90
155	15.51	0.79	166746	44	91.67
144	14.45	0.79	165232	44	91.67
141	14.11	0.79	163133	44	91.56
141	14.12	0.79	163861	44	91.62
138	13.79	0.79	165089	44	91.48
140	14.01	0.80	164802	44	91.65
139	13.97	0.80	164928	44	91.52
158	15.82	0.76	160342	44	91.80
178	15.05	0.70	166458	48	95.71
270	9.10	0.69	232583	46	119.22
269	9.06	0.68	231561	46	119.04
260	8.81	0.70	232805	46	118.28
188	6.70	0.72	231814	46	109.98
180	6.49	0.73	229554	46	109.39
180	6.47	0.73	229728	46	109.46
179	6.44	0.73	229871	46	109.07
180	6.48	0.73	229867	47	109.31
179	6.46	0.73	229672	46	109.09
188	6.73	0.75	228490	47	110.29
174	17.47	0.77	176888	44	92.25
175	17.57	0.77	176030	44	92.31
175	17.50	0.76	175976	45	92.23
174	17.45	0.76	175188	45	92.03
176	17.67	0.77	175363	44	92.16
175	17.55	0.76	175185	44	92.10
174	17.42	0.77	176362	44	92.00
176	17.61	0.75	172408	44	91.93
183	18.33	0.73	160785	45	92.39
179	17.96	0.72	161308	44	92.21
163	16.30	0.73	160424	44	91.89
154	15.41	0.72	159716	45	91.57
154	15.38	0.72	159322	45	91.92
154	15.42	0.72	158610	44	91.80
153	15.39	0.72	159533	44	91.75
152	15.23	0.72	159366	44	91.70
153	15.36	0.72	158704	44	91.81
161	16.10	0.75	159874	45	91.95
223	12.61	0.70	190090	46	106.30
272	9.24	0.73	224250	46	119.22
266	9.03	0.71	231117	46	119.25
231	8.01	0.72	230555	46	115.08
183	6.59	0.72	229351	46	109.72
178	6.42	0.72	229058	46	109.55
179	6.47	0.72	228403	46	109.65
176	6.38	0.71	228964	46	109.33
177	6.40	0.72	229017	46	109.23
179	6.46	0.72	228660	46	109.14
186	6.66	0.73	228831	46	110.21
176	17.67	0.77	174993	45	92.88
174	17.44	0.76	176227	45	92.78
173	17.39	0.76	176630	45	92.70
175	17.54	0.76	174583	45	92.79
173	17.33	0.76	176629	45	92.73
175	17.54	0.76	176117	45	92.65
175	17.48	0.76	175638	45	92.55
178	17.83	0.73	166931	45	92.36
181	18.09	0.72	161080	45	92.63
181	18.13	0.72	160726	44	92.50
176	17.64	0.71	161532	45	92.19
160	16.06	0.72	161090	45	92.10
152	15.24	0.72	159456	45	91.76
151	15.09	0.71	159262	45	91.71
154	15.39	0.72	159017	45	91.88
152	15.25	0.71	158643	45	91.72
151	15.18	0.71	159312	44	91.79
156	15.64	0.72	159179	45	91.86
157	15.72	0.73	158953	45	91.71
244	11.40	0.70	206448	46	111.47
267	9.07	0.71	231517	46	119.27
267	9.03	0.70	231437	47	119.19
259	8.80	0.71	230843	46	118.45
188	6.72	0.72	230388	46	110.17
177	6.40	0.72	228733	46	109.68
178	6.42	0.72	228540	46	109.39
178	6.42	0.72	228805	46	109.25
178	6.44	0.72	228796	46	109.23
179	6.45	0.71	226076	47	109.22
185	6.65	0.73	225279	47	110.27
167	16.73	0.76	161075	45	92.41
164	16.45	0.76	160876	45	92.03
167	16.68	0.77	160784	45	92.39
165	16.57	0.76	160967	45	92.32
164	16.47	0.75	161213	45	92.14
166	16.70	0.75	159398	45	92.03
166	16.67	0.76	160426	45	92.31
171	17.12	0.70	147785	45	92.45
173	17.37	0.71	146350	45	92.15
174	17.40	0.71	146351	45	92.48
172	17.21	0.72	146834	45	92.50
172	17.20	0.72	146612	45	92.47
153	15.35	0.72	146436	45	91.74
145	14.49	0.72	144083	45	91.54
145	14.55	0.72	144232	45	91.74
144	14.42	0.72	144576	44	91.52
144	14.38	0.71	144205	44	91.71
144	14.46	0.72	144135	45	91.52
145	14.53	0.72	144394	45	91.59
151	15.12	0.74	143573	45	91.79
228	12.02	0.70	188005	46	107.84
274	9.30	0.70	226946	47	119.07
266	8.94	0.70	227524	47	119.16
267	9.04	0.69	227790	46	119.07
217	7.56	0.69	227008	47	113.56
181	6.53	0.70	225218	47	109.22
177	6.36	0.70	225365	47	109.49
179	6.49	0.70	224458	47	109.13
178	6.40	0.69	224944	47	109.41
178	6.40	0.69	224412	46	109.67
180	6.48	0.70	224469	47	109.37
187	6.70	0.72	224532	47	110.29
166	16.68	0.76	160743	45	92.60
165	16.59	0.75	161264	45	92.18
166	16.62	0.75	160672	45	92.51
167	16.75	0.74	160675	45	92.42
166	16.63	0.75	159576	45	92.17
166	16.65	0.74	160805	45	92.14
169	16.90	0.74	157182	45	92.16
173	17.39	0.70	146763	45	92.02
173	17.34	0.71	146656	45	92.37
174	17.50	0.71	146462	45	92.28
174	17.42	0.70	146546	45	92.42
173	17.37	0.71	146308	45	91.96
174	17.40	0.71	145800	45	92.46
154	15.41	0.70	147004	45	91.92
146	14.60	0.69	144548	45	91.65
144	14.47	0.70	144344	45	91.64
145	14.51	0.70	144383	45	91.44
145	14.50	0.70	144174	45	91.68
145	14.54	0.70	144171	45	91.56
146	14.61	0.70	144344	45	91.44
154	15.40	0.72	142553	45	91.93
221	11.80	0.70	181784	46	107.55
256	8.66	0.67	217266	46	118.79
257	8.76	0.66	216706	46	118.89
258	8.74	0.69	216994	47	118.76
235	8.08	0.70	216487	46	116.41
174	6.31	0.72	215282	46	109.16
167	6.06	0.72	214774	46	108.61
169	6.15	0.71	213658	46	109.24
166	6.03	0.71	214984	47	108.76
169	6.18	0.72	214754	46	108.76
164	6.04	0.73	218295	46	108.86
173	6.27	0.74	218073	47	109.75
169	16.92	0.73	167181	45	92.69
174	17.45	0.71	176908	45	92.61
174	17.47	0.73	176829	45	92.81
174	17.45	0.74	176491	45	92.92
174	17.39	0.72	176980	45	92.96
174	17.47	0.71	176440	45	92.78
178	17.86	0.71	167843	45	92.85
180	18.05	0.68	161639	45	93.17
181	18.16	0.67	161377	45	93.20
181	18.16	0.67	161631	45	93.19
179	17.97	0.69	161763	45	92.98
181	18.10	0.68	161565	45	93.04
181	18.10	0.68	162154	45	93.00
175	17.58	0.66	162071	45	92.81
160	15.99	0.70	162034	45	92.10
153	15.33	0.71	159701	45	91.76
152	15.19	0.69	159989	45	91.88
152	15.19	0.70	159554	45	91.65
152	15.24	0.70	159872	45	91.71
146	14.65	0.71	153764	45	91.63
148	14.85	0.70	148575	45	91.83
147	14.69	0.74	147320	45	91.66
175	17.50	0.70	149533	45	93.11
175	17.58	0.69	149693	45	92.77
179	17.96	0.69	155711	45	92.77
185	18.52	0.69	161436	45	92.77
176	17.69	0.70	151128	45	92.52
176	17.64	0.71	150454	45	92.53
178	17.83	0.68	152929	45	92.76
184	18.47	0.69	161275	45	92.69
184	18.44	0.68	161754	45	92.76
184	18.42	0.66	160594	45	92.76
185	18.56	0.69	161243	45	92.75
185	18.54	0.70	161782	45	92.63
183	18.37	0.68	161664	45	92.30
185	18.50	0.70	161657	45	92.51
171	17.12	0.70	161680	45	91.96
158	15.79	0.70	160870	45	91.78
156	15.60	0.71	159322	45	91.57
155	15.53	0.70	159398	45	91.53
156	15.58	0.70	159781	45	91.81
156	15.61	0.70	158953	45	91.67
155	15.55	0.70	159463	45	91.54
164	16.40	0.66	159724	45	91.84
200	14.38	0.68	175572	46	99.68
281	9.48	0.69	230743	46	119.33
272	9.20	0.64	231592	46	119.28
275	9.31	0.66	231138	46	119.43
272	9.18	0.65	231185	46	119.27
232	8.16	0.70	230363	46	113.82
184	6.77	0.70	228690	46	107.74
183	6.72	0.71	228179	46	107.54
182	6.65	0.71	229486	46	107.10
182	6.61	0.69	228431	46	107.12
185	6.67	0.70	229224	46	107.29
183	6.60	0.69	229531	47	107.12
193	6.90	0.72	229574	46	108.42
178	17.85	0.71	176949	45	92.84
177	17.77	0.69	175018	45	92.74
179	17.91	0.71	175887	45	92.86
178	17.88	0.69	175496	45	92.75
178	17.79	0.70	176088	45	92.82
181	18.11	0.70	170167	46	92.98
184	18.42	0.68	161374	45	92.87
184	18.47	0.68	160670	45	92.82
184	18.47	0.68	161217	45	92.64
185	18.56	0.69	161171	45	92.65
182	18.27	0.70	160758	45	92.89
184	18.40	0.68	160893	45	92.91
184	18.47	0.69	161634	45	92.79
182	18.27	0.68	161616	45	92.67
172	17.22	0.69	161194	45	92.23
156	15.63	0.69	161453	45	91.76
154	15.44	0.68	162138	45	91.67
157	15.77	0.70	160780	45	91.91
156	15.69	0.69	161797	45	91.80
156	15.59	0.69	160894	45	91.80
156	15.68	0.69	161516	45	91.76
158	15.85	0.70	162446	45	91.78
156	15.61	0.69	162220	45	91.85
157	15.70	0.70	161024	45	91.84
156	15.61	0.69	162282	45	91.59
156	15.67	0.69	161865	45	91.75
155	15.59	0.70	161780	45	91.61
156	15.64	0.69	162015	45	91.48
155	15.57	0.69	161261	45	91.49
156	15.62	0.70	161802	45	91.84
155	15.59	0.70	161710	45	91.58
155	15.50	0.69	162468	45	91.58
150	15.02	0.66	163166	45	91.49
147	14.72	0.64	164520	45	91.15
146	14.66	0.64	164274	45	91.33
147	14.77	0.65	164286	45	91.29
140	14.06	0.61	166313	45	91.10
140	14.03	0.61	165887	45	91.06
140	14.05	0.61	165852	45	90.88
140	14.05	0.61	126528	45	91.12
