Avg_MHz	Busy%	IPC	IRQ	PkgTmp	PkgWatt
149	6.58	0.76	216713	52	104.88
150	6.29	0.76	217057	52	105.06
150	6.31	0.76	217493	52	105.17
151	6.21	0.76	218001	52	105.97
151	6.12	0.76	218395	52	106.51
150	6.12	0.76	218244	52	106.51
150	6.16	0.76	217457	52	106.22
150	6.11	0.76	218205	53	106.31
149	6.08	0.76	218089	52	106.32
150	6.31	0.76	218212	53	105.27
149	6.33	0.76	218175	52	105.16
149	6.24	0.76	218039	52	105.63
150	6.10	0.76	218365	52	106.33
151	6.24	0.76	217758	52	105.39
151	6.26	0.76	218064	52	105.03
151	6.24	0.76	217829	52	105.16
151	6.13	0.76	218197	52	105.77
150	6.13	0.76	217734	52	106.02
150	6.46	0.76	217680	53	104.90
149	6.44	0.76	217538	52	104.89
150	6.33	0.76	218182	52	105.69
150	6.30	0.76	217993	52	105.68
149	6.52	0.76	217852	52	104.47
149	6.56	0.76	217709	52	104.38
150	6.68	0.76	217682	52	104.36
148	6.80	0.76	214351	52	103.92
149	6.46	0.77	217915	52	105.16
149	6.64	0.76	217891	52	104.32
149	6.71	0.76	217646	52	104.31
149	6.71	0.77	217509	52	104.23
149	6.72	0.76	217269	52	104.29
149	6.71	0.76	217627	52	104.20
149	6.71	0.76	217776	52	104.35
149	6.71	0.76	217731	53	104.28
149	6.71	0.77	217590	52	104.26
149	6.70	0.76	217603	52	104.15
149	6.72	0.77	217628	52	104.27
149	6.56	0.76	217752	52	105.03
149	6.59	0.77	217730	52	104.74
149	6.51	0.76	217816	52	105.44
149	6.64	0.77	217732	52	104.21
149	6.60	0.76	217673	52	104.62
149	6.66	0.76	217836	52	104.19
149	6.52	0.76	218106	52	105.49
149	6.57	0.76	217890	53	104.94
149	6.54	0.76	217646	52	105.31
150	6.54	0.76	217732	52	105.62
149	6.51	0.76	217983	52	105.47
149	6.54	0.76	217742	52	105.18
150	6.35	0.76	217396	52	105.50
150	6.63	0.76	217419	53	104.41
150	6.56	0.76	217617	52	104.41
150	6.58	0.76	217776	52	104.39
150	6.62	0.76	217988	52	104.43
150	6.56	0.76	217721	52	104.27
149	6.54	0.76	217674	52	104.29
149	6.62	0.76	217649	52	104.38
150	6.41	0.76	217767	52	105.44
149	6.46	0.76	217880	52	105.19
150	6.35	0.76	217894	52	105.79
150	6.34	0.76	218071	52	105.68
150	6.38	0.76	217595	52	105.46
150	6.40	0.76	217779	52	105.47
150	6.34	0.76	217967	52	105.79
149	6.34	0.76	218138	53	105.66
149	6.47	0.76	217832	52	105.46
149	6.51	0.76	217643	52	105.40
149	6.51	0.76	217735	52	105.48
149	6.56	0.76	217976	53	105.14
150	6.60	0.76	216872	52	105.14
149	6.52	0.76	217942	52	105.50
149	6.64	0.77	217532	52	104.34
149	6.56	0.76	217852	52	105.20
149	6.58	0.76	217964	52	104.92
149	6.62	0.76	217821	52	104.66
149	6.62	0.76	217728	52	104.45
149	6.55	0.76	217991	52	104.87
149	6.59	0.76	218043	52	104.91
149	6.51	0.76	218078	52	105.64
149	6.56	0.77	218071	52	104.85
149	6.51	0.76	218207	52	105.16
149	6.58	0.76	217816	52	104.71
149	6.60	0.76	217883	52	104.62
149	6.50	0.76	218226	52	105.31
149	6.50	0.77	218193	52	105.33
149	6.50	0.76	218159	52	105.15
149	6.49	0.76	218245	52	105.31
149	6.48	0.76	218090	52	105.35
149	6.56	0.76	217973	52	104.88
149	6.57	0.76	217950	52	105.05
149	6.65	0.76	217442	52	104.24
149	6.64	0.76	217518	52	104.23
149	6.61	0.76	217939	52	104.55
150	6.51	0.76	217979	52	105.37
150	6.51	0.76	217668	52	105.30
149	6.48	0.76	218116	52	105.39
149	6.56	0.76	218042	52	104.77
149	6.71	0.77	217508	52	104.21
149	6.71	0.77	217450	52	104.28
148	6.71	0.76	217762	52	104.33
149	6.57	0.76	217919	52	104.42
149	6.52	0.76	217916	52	105.09
149	6.55	0.76	218163	52	104.92
149	6.49	0.76	218024	52	105.48
149	6.51	0.76	218341	52	105.69
149	6.51	0.76	218150	52	105.62
149	6.50	0.76	218247	52	105.59
149	6.50	0.76	218172	53	105.64
149	6.50	0.76	217916	52	105.66
149	6.50	0.76	218166	52	105.67
149	6.52	0.76	218256	52	105.71
149	6.50	0.76	218204	52	105.52
149	6.57	0.76	218070	53	104.89
149	6.58	0.76	217861	52	105.00
150	6.55	0.76	217909	53	105.61
149	6.50	0.76	218274	52	105.43
149	6.51	0.76	218176	52	105.59
149	6.50	0.76	218284	52	105.36
149	6.49	0.76	218258	52	105.39
150	6.54	0.76	217391	52	105.30
149	6.53	0.76	218174	52	105.49
149	6.52	0.76	218184	52	105.34
149	6.50	0.76	218439	52	105.26
149	6.53	0.76	218154	52	105.60
149	6.51	0.76	217797	52	105.56
149	6.50	0.76	217840	52	105.59
149	6.58	0.76	217663	53	104.94
149	6.50	0.76	218155	52	105.24
149	6.62	0.76	217728	52	104.59
149	6.41	0.77	217870	52	105.32
149	6.49	0.76	217981	52	105.63
150	6.51	0.76	218112	52	105.48
149	6.50	0.76	218195	52	105.33
149	6.51	0.76	218076	53	105.33
149	6.53	0.76	218033	52	105.34
150	6.40	0.76	218037	52	105.51
150	6.36	0.76	218067	52	105.76
150	6.36	0.76	218073	52	105.75
150	6.35	0.76	217975	52	105.61
150	6.32	0.76	218132	52	105.60
150	6.30	0.76	218356	52	105.83
150	6.37	0.76	217904	52	105.41
150	6.35	0.76	218171	52	105.72
150	6.34	0.76	218197	53	105.73
149	6.53	0.76	217805	52	105.31
149	6.62	0.76	217476	52	104.47
149	6.59	0.76	217897	52	104.92
149	6.49	0.76	218225	52	105.49
149	6.47	0.76	217625	52	104.47
150	6.53	0.76	217553	52	104.47
149	6.61	0.77	217857	52	104.77
150	6.58	0.76	217740	53	105.10
149	6.55	0.76	217643	52	105.39
149	6.51	0.76	218163	52	105.52
149	6.62	0.76	217861	52	104.50
149	6.70	0.76	217625	53	104.43
149	6.69	0.77	217440	52	104.39
149	6.71	0.77	217591	53	104.44
149	6.69	0.76	217630	53	104.38
149	6.69	0.76	217588	52	104.28
149	6.69	0.76	217708	52	104.46
149	6.70	0.76	217555	52	104.34
149	6.70	0.76	217775	52	104.43
149	6.70	0.77	217682	52	104.43
149	6.70	0.76	217731	52	104.44
149	6.70	0.76	217609	52	104.40
148	6.88	0.77	217615	53	104.23
149	6.69	0.76	217718	52	104.34
148	6.88	0.77	217744	52	104.27
149	6.69	0.76	217689	52	104.26
149	6.71	0.76	217649	53	104.39
150	6.72	0.76	216714	52	104.35
149	6.68	0.77	217665	52	104.32
149	6.68	0.76	217743	52	104.33
149	6.66	0.77	217629	52	104.24
149	6.70	0.76	217556	52	104.34
149	6.69	0.76	217529	52	104.35
149	6.69	0.76	217534	52	104.43
149	6.56	0.76	217712	52	104.43
149	6.46	0.76	217569	52	104.46
150	6.44	0.76	217480	52	105.17
149	6.46	0.76	217597	52	104.70
149	6.60	0.76	217617	52	104.41
150	6.45	0.76	217993	52	105.27
149	6.52	0.76	217915	52	104.87
149	6.62	0.76	217824	52	104.46
150	6.38	0.76	218084	52	105.65
150	6.35	0.76	218000	52	105.81
149	6.58	0.76	217746	52	104.69
150	6.35	0.76	218117	52	105.80
151	6.38	0.76	218130	52	105.84
150	6.31	0.76	218058	52	105.93
151	6.43	0.75	218071	52	105.77
149	6.66	0.77	217614	52	104.92
149	6.52	0.76	217961	52	105.64
149	6.58	0.76	217844	52	105.08
149	6.62	0.77	217517	52	104.52
149	6.53	0.76	217721	52	105.13
149	6.62	0.76	217767	52	104.36
149	6.45	0.76	217888	52	105.47
149	6.58	0.76	218062	52	105.67
149	6.49	0.76	218156	52	105.69
150	6.42	0.76	217489	52	105.81
150	6.44	0.76	217945	52	105.70
150	6.45	0.76	218089	52	105.76
150	6.44	0.76	217997	52	105.74
150	6.44	0.76	218237	52	105.77
150	6.44	0.76	218072	52	105.73
150	6.45	0.76	218150	52	105.80
150	6.44	0.76	218153	52	105.76
149	6.39	0.76	218182	53	105.76
149	6.46	0.76	218072	53	105.77
149	6.38	0.76	218007	52	105.77
149	6.37	0.76	217947	52	105.67
149	6.43	0.76	218075	52	105.71
149	6.37	0.76	218009	52	105.73
150	6.43	0.76	218195	52	105.80
150	6.28	0.76	217996	52	105.92
150	6.26	0.76	218003	52	105.88
150	6.29	0.76	217875	52	105.87
150	6.22	0.76	217826	52	105.86
150	6.21	0.76	217808	52	105.91
149	6.19	0.76	217806	52	105.78
150	6.27	0.76	217842	52	105.82
150	6.28	0.76	217855	53	105.78
150	6.27	0.76	217944	52	105.84
150	6.36	0.76	218189	52	105.26
150	6.27	0.76	217990	52	105.78
150	6.26	0.76	217899	52	105.75
150	6.26	0.76	217914	52	105.86
149	6.39	0.76	218033	52	105.69
149	6.38	0.76	218112	52	105.64
149	6.37	0.76	218136	52	105.65
149	6.36	0.76	218051	53	105.61
150	6.44	0.76	218236	52	105.77
150	6.44	0.76	218060	52	105.68
149	6.37	0.76	218312	53	105.75
149	6.37	0.76	218026	52	105.73
149	6.41	0.76	218291	52	105.70
149	6.37	0.76	217986	52	105.78
149	6.37	0.76	218022	52	105.76
149	6.37	0.76	217984	53	105.75
149	6.37	0.76	217981	53	105.71
149	6.37	0.76	217863	53	105.73
149	6.59	0.76	217543	52	104.52
149	6.32	0.76	218016	52	105.81
149	6.36	0.76	218197	52	105.73
149	6.39	0.76	217951	52	105.73
149	6.36	0.76	218037	52	105.79
149	6.38	0.76	218130	52	105.62
149	6.57	0.76	217966	53	104.68
148	6.70	0.77	217648	52	104.80
149	6.56	0.76	218195	52	105.53
149	6.55	0.77	217869	52	105.74
148	6.54	0.77	217887	53	105.59
149	6.37	0.76	217822	52	105.69
149	6.37	0.76	217911	52	105.72
149	6.36	0.76	217915	53	105.66
149	6.41	0.76	218032	53	105.63
149	6.54	0.76	217673	54	105.49
149	6.53	0.76	217793	52	105.23
149	6.37	0.76	217817	53	105.73
149	6.37	0.76	218191	53	105.81
149	6.59	0.76	217929	52	104.65
149	6.49	0.76	218189	52	105.34
150	6.45	0.76	218167	52	105.64
149	6.37	0.76	218090	52	105.66
149	6.52	0.76	218101	52	105.23
149	6.57	0.76	217839	52	105.04
149	6.41	0.76	218005	52	105.52
149	6.56	0.76	217893	53	104.76
149	6.60	0.76	217754	52	104.91
149	6.55	0.76	218045	52	105.23
150	6.59	0.76	217232	52	105.10
150	6.58	0.76	218016	52	104.86
149	6.50	0.76	217920	52	105.42
149	6.68	0.76	217887	53	104.43
149	6.53	0.76	217775	52	105.02
149	6.55	0.76	218012	52	104.92
149	6.61	0.76	217807	53	104.78
149	6.61	0.76	217944	53	104.65
149	6.62	0.76	217883	52	104.55
149	6.50	0.76	218032	52	105.66
149	6.49	0.76	218189	52	105.49
149	6.50	0.76	218103	52	105.34
149	6.49	0.76	218216	53	105.65
149	6.47	0.76	218437	53	105.42
149	6.59	0.76	217738	52	105.42
149	6.67	0.76	217853	52	104.83
149	6.62	0.76	217840	52	104.57
149	6.52	0.76	218219	52	105.65
149	6.61	0.76	217712	52	104.53
149	6.57	0.76	218010	52	105.53
149	6.58	0.76	217908	52	105.39
148	6.66	0.76	218052	52	104.48
149	6.56	0.76	218188	52	105.68
149	6.67	0.76	217747	53	104.75
148	6.67	0.76	217722	52	104.27
149	6.60	0.76	217753	53	104.41
149	6.37	0.76	217976	53	105.72
149	6.38	0.76	218146	52	105.60
149	6.46	0.76	217777	52	105.21
150	6.44	0.76	218137	53	105.62
150	6.44	0.76	217838	53	105.67
150	6.45	0.76	218069	52	105.73
150	6.65	0.76	217866	52	104.54
149	6.56	0.76	218246	53	104.92
150	6.43	0.76	218110	53	105.65
149	6.42	0.76	218016	52	105.67
150	6.45	0.76	218168	53	105.66
149	6.37	0.76	218024	52	105.65
149	6.49	0.76	218118	53	105.28
149	6.39	0.76	217939	52	105.77
149	6.41	0.76	217995	52	105.64
149	6.37	0.76	217947	52	105.57
150	6.40	0.76	217855	52	105.67
149	6.38	0.76	218193	52	105.57
149	6.40	0.76	217915	53	105.51
149	6.46	0.76	217782	52	105.21
150	6.48	0.76	217759	52	105.05
149	6.61	0.76	217870	52	104.22
149	6.62	0.76	217708	52	104.25
149	6.63	0.76	217848	52	104.37
149	6.43	0.76	217760	52	105.37
149	6.38	0.76	218141	53	105.65
149	6.55	0.76	217756	52	104.64
150	6.43	0.76	217306	52	105.45
149	6.37	0.76	218050	53	105.51
149	6.38	0.76	218047	52	105.57
149	6.51	0.76	217751	52	104.91
149	6.37	0.76	218022	52	105.69
149	6.37	0.76	218146	52	105.68
149	6.37	0.76	217957	53	105.67
149	6.37	0.76	218008	52	105.60
149	6.38	0.76	217791	52	105.67
149	6.37	0.76	217912	52	105.74
149	6.37	0.76	218029	52	105.74
149	6.58	0.76	217740	53	104.68
149	6.36	0.76	218053	53	105.77
149	6.38	0.76	217870	53	105.69
149	6.38	0.76	217909	52	105.82
149	6.37	0.76	218061	52	105.81
149	6.38	0.76	218062	52	105.73
149	6.37	0.76	218045	52	105.70
149	6.40	0.76	217817	52	105.68
149	6.39	0.76	217875	52	105.71
149	6.37	0.76	217814	52	105.76
149	6.20	0.77	218035	53	105.75
150	6.37	0.76	218146	52	105.71
149	6.37	0.76	217951	52	105.73
149	6.36	0.76	217955	53	105.71
149	6.33	0.76	218036	52	105.76
149	6.39	0.76	217516	52	105.60
146	6.54	0.77	213324	52	105.05
151	6.42	0.75	217811	52	106.06
149	6.37	0.76	217924	52	105.66
149	6.37	0.76	217866	53	105.77
149	6.37	0.76	218071	52	105.69
149	6.37	0.76	218194	53	105.85
149	6.35	0.76	217682	53	105.74
149	6.24	0.76	218460	52	105.89
150	6.41	0.76	217987	53	105.79
150	6.45	0.76	218310	53	105.73
149	6.43	0.76	218204	52	105.84
150	6.44	0.76	218275	52	105.82
150	6.43	0.76	218141	52	105.77
149	6.43	0.76	218144	52	105.69
150	6.43	0.76	218045	52	105.74
149	6.39	0.76	218028	53	105.70
149	6.37	0.76	217956	52	105.78
149	6.37	0.76	218017	52	105.68
150	6.44	0.76	218080	53	105.81
149	6.36	0.76	218139	52	105.65
149	6.37	0.76	218098	52	105.75
150	6.40	0.76	218029	53	105.68
149	6.38	0.76	218081	52	105.72
150	6.44	0.76	218364	52	105.66
150	6.47	0.76	217923	52	105.63
150	6.43	0.76	218170	52	105.70
149	6.36	0.76	217987	52	105.76
150	6.52	0.76	217956	52	105.42
149	6.41	0.76	217855	52	105.51
148	6.34	0.76	218145	53	105.82
149	6.39	0.76	217912	52	105.47
149	6.41	0.76	217957	53	105.53
149	6.36	0.76	217991	53	105.67
149	6.43	0.76	218280	53	105.72
149	6.43	0.76	218076	52	105.73
150	6.48	0.76	217626	52	105.51
148	6.61	0.76	217827	52	104.37
149	6.38	0.76	218128	52	105.65
149	6.57	0.76	217971	53	105.00
149	6.53	0.76	218010	52	105.14
150	6.44	0.76	218011	52	105.70
139	5.89	0.71	224983	52	105.37
132	5.50	0.69	228583	52	105.11
132	5.53	0.68	228880	52	105.03
132	5.46	0.68	228871	52	105.09
132	5.51	0.68	228336	52	105.11
132	5.55	0.69	228121	52	104.80
132	5.74	0.69	228517	53	103.76
133	5.83	0.68	228523	52	103.83
133	5.82	0.68	228410	52	103.80
133	5.85	0.68	228617	52	103.72
132	5.72	0.68	228650	52	103.84
132	5.79	0.68	228580	52	103.89
131	5.66	0.69	228367	52	103.95
132	5.81	0.68	227894	52	103.82
132	5.77	0.69	227976	52	103.76
132	5.73	0.69	227987	52	103.73
132	5.73	0.69	228308	52	103.77
132	5.75	0.69	228075	52	103.65
132	5.73	0.69	228123	52	103.80
132	5.70	0.69	227565	52	103.92
132	5.66	0.69	228310	52	103.92
132	5.71	0.69	228396	52	103.79
132	5.72	0.69	228584	52	103.90
133	5.81	0.68	228614	53	103.87
132	5.74	0.69	228059	52	103.85
131	5.64	0.69	228102	52	104.01
131	5.70	0.69	228443	53	103.74
131	5.71	0.69	228623	52	103.74
132	5.75	0.68	228741	52	103.73
133	5.60	0.68	228314	52	103.90
133	5.64	0.68	227959	52	103.87
133	5.63	0.68	227954	52	103.79
133	5.66	0.68	227800	52	103.84
133	5.64	0.68	227811	52	103.90
133	5.63	0.68	227805	52	103.84
133	5.64	0.68	227787	52	103.88
133	5.63	0.68	228284	52	103.93
133	5.63	0.68	228514	52	103.90
133	5.57	0.68	228618	52	103.94
133	5.42	0.68	229141	52	104.15
133	5.50	0.68	228613	52	103.98
132	5.48	0.68	228297	52	104.08
131	5.49	0.69	228428	52	104.07
131	5.53	0.69	228223	52	103.94
131	5.51	0.69	228427	52	103.91
131	5.47	0.69	228469	52	103.91
131	5.47	0.69	228598	52	103.89
132	5.44	0.69	228746	52	103.95
132	5.40	0.69	228659	52	104.05
132	5.44	0.69	228701	52	103.95
132	5.52	0.69	228100	52	103.92
133	5.49	0.68	228680	52	104.04
132	5.50	0.69	228151	52	103.95
133	5.51	0.68	227968	52	104.13
132	5.47	0.68	228825	52	103.91
132	5.50	0.68	228461	52	103.99
132	5.52	0.69	228651	52	103.94
132	5.46	0.68	228765	52	104.08
132	5.51	0.69	229215	52	104.04
132	5.51	0.69	228159	52	103.94
132	5.49	0.69	228874	52	103.82
132	5.50	0.69	228829	52	103.88
132	5.52	0.69	228622	52	103.80
132	5.52	0.69	228409	52	103.88
132	5.44	0.69	229218	52	104.09
132	5.48	0.69	228953	52	103.95
132	5.52	0.68	228933	52	103.98
132	5.50	0.68	228910	52	104.06
132	5.50	0.69	228734	52	104.11
132	5.50	0.68	229095	52	104.06
132	5.52	0.68	228714	52	103.96
132	5.51	0.69	228281	52	103.82
131	5.42	0.69	228429	52	104.03
132	5.51	0.69	228105	52	103.95
132	5.53	0.69	228176	53	103.95
132	5.50	0.69	228881	52	104.00
132	5.51	0.69	228590	51	103.84
131	5.45	0.69	228358	52	103.86
131	5.45	0.69	228192	52	103.81
132	5.50	0.68	228704	52	103.81
131	5.46	0.69	228675	52	103.75
132	5.49	0.68	228722	52	103.82
132	5.50	0.68	228695	52	103.91
132	5.51	0.68	228511	52	103.77
132	5.50	0.68	228941	52	103.82
131	5.46	0.69	229101	52	103.78
132	5.43	0.69	229094	52	103.80
132	5.51	0.69	229002	52	103.87
132	5.47	0.69	228989	52	104.01
132	5.47	0.69	229336	52	104.00
132	5.49	0.69	229063	52	103.97
132	5.51	0.69	228903	52	103.90
133	5.48	0.69	229214	52	103.96
133	5.52	0.69	228709	52	103.89
131	5.48	0.69	228856	52	103.85
132	5.51	0.69	228683	52	103.84
132	5.51	0.69	228830	52	103.81
133	5.51	0.69	228612	52	103.88
132	5.49	0.69	228961	53	103.80
133	5.46	0.68	228282	52	103.89
132	5.45	0.68	229047	52	103.88
132	5.38	0.69	229162	52	103.98
132	5.52	0.68	228888	52	103.77
132	5.48	0.69	228955	52	103.83
132	5.47	0.69	228483	52	103.82
133	5.54	0.69	228802	52	103.89
132	5.50	0.69	228639	52	103.81
132	5.51	0.69	228387	52	103.71
132	5.49	0.69	228898	52	103.86
131	5.39	0.69	228443	52	104.00
132	5.47	0.69	228767	52	103.93
132	5.52	0.69	228614	52	103.99
133	5.53	0.69	228610	53	103.92
132	5.53	0.69	228535	52	103.91
132	5.53	0.69	228256	52	103.88
132	5.49	0.69	228299	52	103.94
132	5.51	0.70	227530	52	103.94
132	5.52	0.69	228252	52	103.80
131	5.38	0.70	228434	52	103.86
131	5.48	0.70	227980	52	103.71
131	5.46	0.69	228431	52	103.68
131	5.49	0.69	228218	52	103.64
131	5.52	0.70	228534	52	103.76
131	5.50	0.70	228385	52	103.70
131	5.50	0.70	228519	52	103.70
132	5.49	0.70	228248	52	103.71
132	5.54	0.70	227909	52	103.73
131	5.51	0.69	228497	52	103.83
131	5.51	0.69	227764	52	103.73
131	5.50	0.70	228220	52	103.66
131	5.50	0.70	228360	52	103.76
131	5.51	0.70	227967	52	103.72
132	5.50	0.69	228408	52	103.66
131	5.50	0.69	228625	52	103.66
132	5.50	0.69	228441	52	103.72
132	5.47	0.70	228418	52	103.71
132	5.51	0.70	227556	52	103.88
132	5.50	0.69	227707	52	103.75
132	5.61	0.69	228562	52	103.74
132	5.59	0.69	228370	52	103.69
132	5.54	0.69	228793	52	103.80
132	5.58	0.69	228154	52	103.80
132	5.61	0.69	227982	52	103.79
132	5.58	0.69	227939	52	103.78
132	5.58	0.69	228562	52	103.74
132	5.56	0.69	228345	52	103.80
132	5.56	0.69	228117	52	103.87
132	5.58	0.69	228565	52	103.78
132	5.54	0.69	228944	51	103.84
132	5.58	0.69	228572	52	103.88
132	5.55	0.69	229116	52	103.77
132	5.57	0.69	228873	52	103.86
132	5.56	0.69	228549	52	103.90
132	5.57	0.69	228490	52	103.85
131	5.52	0.69	228888	52	103.76
132	5.52	0.69	228703	52	103.83
132	5.47	0.69	228844	52	103.95
132	5.53	0.69	228802	52	103.77
132	5.60	0.69	228839	52	103.97
132	5.57	0.69	228657	52	103.78
132	5.51	0.69	228691	52	103.98
132	5.60	0.69	228115	52	103.79
132	5.59	0.69	228595	52	103.83
132	5.58	0.69	228319	52	103.79
132	5.55	0.69	228854	52	103.82
131	5.52	0.70	228241	52	103.64
132	5.55	0.70	228248	52	103.67
131	5.53	0.69	228437	52	103.76
132	5.51	0.69	228769	52	103.69
132	5.48	0.70	228892	52	103.65
132	5.41	0.69	228764	52	103.90
132	5.42	0.69	228460	52	103.95
132	5.42	0.69	228789	52	103.87
132	5.42	0.69	228530	52	103.94
132	5.41	0.69	228347	52	103.92
132	5.51	0.69	228711	52	103.87
133	5.53	0.69	229163	51	103.83
132	5.48	0.69	229135	51	103.89
132	5.58	0.69	229186	52	103.74
132	5.60	0.69	228834	52	103.63
132	5.58	0.69	228779	52	103.76
132	5.57	0.69	228553	52	103.72
132	5.63	0.69	228621	52	103.70
132	5.60	0.69	228789	52	103.69
132	5.59	0.69	228684	52	103.76
132	5.56	0.69	228817	52	103.66
132	5.61	0.69	228717	52	103.65
132	5.60	0.69	228577	52	103.65
132	5.59	0.69	228596	52	103.64
132	5.60	0.69	228875	51	103.75
133	5.53	0.69	229075	52	103.72
132	5.59	0.69	228616	52	103.62
133	5.56	0.69	228721	52	103.67
132	5.59	0.69	228639	52	103.65
133	5.50	0.69	228529	52	103.80
132	5.57	0.69	228634	52	103.70
132	5.59	0.69	228607	52	103.73
132	5.59	0.69	228577	52	103.70
132	5.54	0.69	228691	52	103.63
132	5.60	0.69	228377	52	103.72
132	5.58	0.69	228152	52	103.65
133	5.64	0.69	228273	51	103.71
132	5.61	0.69	229039	52	103.60
132	5.58	0.69	228620	52	103.80
132	5.59	0.69	228490	52	103.68
132	5.59	0.69	228857	52	103.70
132	5.58	0.69	229081	52	103.67
132	5.55	0.69	229091	52	103.62
132	5.59	0.69	229315	52	103.75
132	5.58	0.69	228774	52	103.66
133	5.58	0.69	228934	51	103.70
132	5.59	0.69	228400	52	103.76
132	5.59	0.69	228592	52	103.78
132	5.61	0.69	228263	52	103.69
132	5.59	0.69	228623	52	103.69
132	5.57	0.69	228782	52	104.21
132	5.59	0.69	228610	52	103.68
132	5.59	0.69	228369	52	103.66
132	5.57	0.69	228213	52	103.73
132	5.59	0.69	228183	52	103.88
132	5.62	0.69	228227	52	103.82
133	5.60	0.69	228921	52	103.79
132	5.61	0.69	228677	52	103.68
133	5.57	0.69	228304	52	103.88
132	5.56	0.69	228138	52	103.83
132	5.61	0.69	227186	52	103.78
132	5.60	0.69	228432	52	103.67
132	5.58	0.69	228173	52	103.70
132	5.60	0.69	229042	52	103.74
132	5.60	0.69	228449	52	103.69
132	5.61	0.69	228441	52	103.69
133	5.56	0.69	228647	52	103.78
132	5.62	0.69	228406	52	103.71
132	5.61	0.69	228314	52	103.60
132	5.60	0.69	228105	52	103.70
132	5.57	0.69	228460	52	103.63
132	5.62	0.69	228289	52	103.72
132	5.60	0.69	228626	52	103.69
132	5.59	0.69	229210	52	103.67
132	5.60	0.69	228452	52	103.74
132	5.59	0.69	228435	52	103.67
132	5.59	0.69	228252	52	103.62
132	5.63	0.69	228362	51	103.65
132	5.57	0.69	228729	52	103.75
133	5.55	0.69	228841	52	103.69
132	5.59	0.69	228555	52	103.66
132	5.62	0.69	228251	52	103.67
132	5.58	0.69	228903	52	103.65
132	5.58	0.69	229140	52	103.61
132	5.59	0.69	228677	52	103.65
132	5.55	0.69	228738	52	103.68
132	5.40	0.69	228734	52	103.77
131	5.42	0.69	229027	52	103.88
132	5.40	0.69	229204	52	103.84
132	5.40	0.69	229378	52	103.85
132	5.38	0.69	228876	52	103.90
132	5.39	0.69	229010	52	103.70
132	5.37	0.69	229361	52	103.91
132	5.41	0.69	228698	52	103.91
132	5.39	0.69	229192	52	103.82
132	5.40	0.69	229307	52	103.81
132	5.41	0.70	228793	52	103.93
131	5.38	0.70	228721	52	103.75
131	5.38	0.70	228534	52	103.72
132	5.38	0.70	228961	52	103.85
131	5.38	0.70	228735	52	103.79
132	5.40	0.69	229205	52	103.99
132	5.42	0.69	228545	52	104.09
132	5.41	0.69	229139	52	104.04
132	5.38	0.69	229027	52	104.11
133	5.40	0.69	229069	52	104.01
133	5.44	0.69	228651	52	103.98
133	5.45	0.69	228284	52	103.99
133	5.42	0.69	228755	52	103.96
132	5.41	0.69	228975	52	103.98
132	5.40	0.69	228512	52	103.93
132	5.39	0.69	228404	52	104.00
132	5.39	0.69	228247	52	104.00
132	5.42	0.69	228140	52	103.87
133	5.44	0.68	228034	52	103.84
133	5.46	0.69	228872	52	103.98
133	5.43	0.69	228271	52	103.99
132	5.43	0.69	228960	52	104.05
132	5.41	0.69	228865	52	103.84
132	5.41	0.69	229016	52	103.81
132	5.56	0.69	228125	52	103.90
132	5.57	0.69	228659	52	103.86
133	5.50	0.69	228484	52	103.92
132	5.58	0.69	228297	52	103.89
132	5.57	0.69	228137	52	103.94
132	5.53	0.69	228679	52	103.97
132	5.49	0.69	228579	52	103.95
132	5.60	0.69	228245	52	103.86
132	5.55	0.69	227809	52	103.90
132	5.59	0.69	227924	52	103.79
132	5.56	0.69	228509	52	103.83
132	5.57	0.69	228869	52	103.89
132	5.59	0.69	228539	52	103.87
132	5.56	0.69	228682	52	103.88
132	5.54	0.69	228217	52	103.85
132	5.57	0.69	228642	52	103.95
132	5.58	0.69	228921	52	103.89
132	5.55	0.69	228869	52	103.91
132	5.53	0.69	228825	52	103.97
132	5.57	0.69	228735	52	103.82
132	5.53	0.69	228552	52	103.90
132	5.53	0.69	228641	52	103.88
132	5.56	0.69	228683	52	103.85
132	5.52	0.69	228908	52	103.82
132	5.58	0.69	228148	52	103.88
133	5.59	0.69	227869	52	103.85
132	5.45	0.69	228163	52	103.84
132	5.48	0.69	228038	52	103.81
132	5.48	0.69	227768	52	103.77
133	5.48	0.69	227916	52	103.86
133	5.43	0.69	227794	52	103.90
132	5.45	0.69	228489	52	103.94
132	5.45	0.69	227776	52	103.85
132	5.45	0.69	228136	52	103.90
132	5.44	0.69	228355	52	103.88
132	5.48	0.69	227970	52	103.84
132	5.45	0.69	228185	52	103.94
132	5.47	0.69	227703	52	103.87
132	5.47	0.69	228290	52	103.73
132	5.45	0.69	228231	52	103.79
132	5.47	0.69	228224	52	103.83
132	5.48	0.69	228070	52	103.80
132	5.50	0.69	228088	52	103.77
132	5.49	0.69	228404	52	103.82
132	5.47	0.69	227780	52	103.69
132	5.49	0.69	227582	52	103.78
132	5.48	0.69	227423	52	103.76
132	5.37	0.69	228016	52	103.79
132	5.27	0.69	228060	52	104.03
134	5.47	0.68	228258	52	103.95
132	5.48	0.69	228106	52	103.85
134	5.59	0.69	228797	52	104.10
134	5.60	0.68	228212	52	103.79
133	5.57	0.68	228266	52	103.79
133	5.57	0.68	228871	52	103.77
133	5.57	0.68	229199	52	103.90
132	5.54	0.68	227843	52	103.83
133	5.56	0.68	228245	52	103.65
133	5.58	0.68	228388	52	103.75
133	5.44	0.68	228052	52	103.98
133	5.41	0.69	228019	52	103.96
133	5.46	0.68	227785	52	103.95
133	5.49	0.69	228780	52	103.83
133	5.50	0.68	229065	52	103.85
133	5.46	0.68	228147	52	103.79
133	5.47	0.68	227915	52	103.84
133	5.46	0.68	228383	52	103.89
133	5.48	0.68	228258	52	103.82
133	5.46	0.68	227877	52	103.76
133	5.48	0.68	227962	52	103.76
133	5.47	0.68	228309	52	103.78
133	5.51	0.68	228100	52	103.70
133	5.42	0.68	227847	52	103.77
133	5.43	0.69	228534	52	103.82
134	5.51	0.69	228244	52	103.89
133	5.48	0.68	227964	52	103.80
133	5.55	0.69	228418	52	103.88
132	5.53	0.69	229179	52	103.91
132	5.60	0.69	228473	52	103.77
132	5.60	0.69	228611	52	103.80
132	5.56	0.69	228832	52	103.75
132	5.55	0.69	228520	52	103.84
132	5.58	0.69	228367	51	103.86
132	5.61	0.69	228324	52	103.98
132	5.57	0.69	228425	52	103.93
131	5.55	0.70	228132	52	103.91
131	5.52	0.70	227979	51	103.89
131	5.52	0.70	228237	52	103.88
132	5.46	0.69	227908	52	103.87
132	5.47	0.69	228645	52	103.84
132	5.51	0.69	229017	52	103.82
132	5.52	0.70	228676	52	103.88
132	5.53	0.69	228184	52	103.87
132	5.39	0.69	228570	52	103.93
132	5.41	0.69	229231	52	104.05
132	5.43	0.69	228076	52	103.91
132	5.43	0.69	228104	52	103.86
133	5.43	0.69	228520	52	104.07
132	5.43	0.69	228360	51	103.96
133	5.42	0.69	228751	52	104.12
132	5.43	0.69	228474	52	104.11
132	5.43	0.69	229480	52	104.14
133	5.43	0.69	228750	52	104.06
132	5.41	0.69	228436	52	103.97
133	5.43	0.68	227606	52	104.04
132	5.42	0.69	229147	52	103.94
132	5.36	0.69	228714	52	104.10
132	5.39	0.69	228763	52	103.96
132	5.38	0.69	228914	52	103.99
132	5.43	0.69	228422	52	103.97
132	5.43	0.69	228650	52	103.89
132	5.42	0.69	228800	52	103.98
132	5.39	0.69	229106	51	104.05
132	5.33	0.69	228984	52	104.08
133	5.43	0.69	228935	51	104.07
132	5.40	0.69	228913	52	104.05
133	5.42	0.69	228759	52	104.09
133	5.38	0.69	229181	52	103.94
132	5.32	0.69	228958	52	103.92
132	5.35	0.70	228575	52	103.99
132	5.35	0.69	228355	52	104.01
132	5.43	0.69	228646	52	104.00
133	5.44	0.69	228490	52	103.93
132	5.41	0.69	229096	52	104.05
132	5.41	0.69	228846	52	103.97
132	5.35	0.69	228855	52	103.97
132	5.36	0.69	228641	52	104.02
131	5.36	0.70	228339	52	103.96
132	5.37	0.69	228084	52	103.89
132	5.43	0.69	228217	52	103.99
132	5.42	0.69	228526	52	103.98
132	5.47	0.69	227600	52	103.79
132	5.39	0.69	228051	52	104.08
132	5.43	0.69	228844	52	104.04
132	5.46	0.69	228281	52	104.02
132	5.42	0.69	228703	52	103.94
132	5.38	0.69	228011	52	103.96
132	5.38	0.69	228356	52	103.87
132	5.44	0.69	228517	52	103.82
132	5.43	0.69	228655	52	103.91
132	5.41	0.69	228506	52	103.83
133	5.42	0.69	228810	52	103.87
132	5.35	0.69	228624	52	103.94
132	5.34	0.69	228365	52	103.85
132	5.31	0.69	228646	52	103.94
132	5.35	0.69	228807	51	103.95
132	5.32	0.69	229174	52	103.98
131	5.36	0.69	228849	52	103.86
132	5.42	0.69	228660	52	103.92
132	5.42	0.69	228601	52	103.88
132	5.51	0.69	228357	52	103.89
132	5.56	0.69	228695	52	103.88
132	5.54	0.69	228440	51	103.92
132	5.60	0.69	228647	53	103.89
132	5.52	0.70	228199	52	103.86
132	5.53	0.70	228455	52	103.92
132	5.54	0.69	228355	52	103.78
131	5.54	0.69	228632	52	103.83
132	5.56	0.69	228689	52	103.83
131	5.53	0.70	228311	52	103.86
132	5.56	0.69	228137	52	103.74
131	5.50	0.69	228685	52	103.81
132	5.60	0.69	227880	52	103.78
132	5.60	0.69	228052	52	103.70
131	5.56	0.70	227931	52	103.71
132	5.60	0.69	228113	51	103.67
132	5.58	0.69	227864	51	103.69
132	5.53	0.69	228671	52	103.82
132	5.52	0.69	229106	52	103.88
132	5.51	0.70	228461	52	103.88
132	5.53	0.69	228792	52	103.76
132	5.55	0.69	228814	52	103.85
132	5.52	0.69	228639	52	103.87
132	5.58	0.69	228919	52	103.71
132	5.52	0.69	228851	51	103.83
131	5.51	0.69	228514	52	103.79
132	5.51	0.70	228388	52	103.86
132	5.59	0.69	228279	52	103.89
132	5.59	0.69	228553	52	103.81
132	5.57	0.69	228945	51	103.87
132	5.55	0.69	228495	51	103.87
132	5.59	0.69	228262	52	103.93
132	5.54	0.69	228940	52	103.98
132	5.52	0.69	228380	52	103.87
132	5.50	0.69	228612	52	103.86
132	5.58	0.69	228620	51	103.94
132	5.58	0.69	228710	52	103.81
131	5.51	0.70	228387	52	103.85
131	5.55	0.69	228126	52	103.72
132	5.58	0.69	228470	52	103.87
132	5.56	0.69	228180	52	103.80
132	5.55	0.69	228511	52	103.76
132	5.59	0.69	228539	52	103.96
132	5.56	0.69	228967	52	103.89
132	5.57	0.69	228674	52	103.79
132	5.55	0.69	228720	51	103.85
132	5.58	0.69	228644	52	103.91
132	5.60	0.69	227954	52	103.78
132	5.57	0.69	228475	52	103.96
132	5.52	0.69	228437	52	103.75
132	5.58	0.69	228664	51	103.86
132	5.58	0.69	228317	52	103.72
132	5.58	0.69	228189	52	103.86
132	5.53	0.69	228741	52	103.85
132	5.58	0.69	228433	52	103.80
132	5.55	0.69	228812	52	103.90
132	5.57	0.69	228606	52	103.83
132	5.53	0.69	228600	52	103.79
132	5.54	0.69	228747	51	103.92
132	5.57	0.69	228594	52	103.81
132	5.59	0.69	228155	51	103.77
132	5.54	0.69	228722	52	103.84
132	5.60	0.69	228072	51	103.65
132	5.50	0.69	228804	51	103.72
132	5.54	0.69	228133	52	103.82
132	5.49	0.69	228966	52	103.73
132	5.39	0.69	228514	52	103.80
132	5.42	0.69	227750	51	103.94
132	5.39	0.69	227944	52	103.93
132	5.37	0.69	228111	52	103.96
131	5.39	0.69	227954	52	103.92
132	5.38	0.69	228258	52	103.95
132	5.38	0.69	228154	52	104.08
132	5.33	0.69	227956	52	103.99
132	5.36	0.69	228104	52	103.93
132	5.24	0.69	228353	52	103.97
133	5.41	0.69	227907	52	103.85
133	5.40	0.69	228395	52	103.95
133	5.45	0.68	227901	52	103.85
133	5.46	0.68	228060	52	104.27
133	5.45	0.69	227878	52	103.87
133	5.43	0.69	228266	52	103.91
133	5.46	0.69	227642	52	103.89
133	5.46	0.68	228218	52	103.98
133	5.46	0.68	228185	52	103.86
133	5.39	0.69	228810	51	103.95
132	5.42	0.69	228273	52	103.95
132	5.44	0.69	228558	52	103.83
133	5.37	0.69	228403	52	104.10
132	5.43	0.69	228494	52	103.97
132	5.40	0.69	229016	52	103.93
132	5.38	0.69	229445	52	103.99
132	5.40	0.69	228712	51	104.00
131	5.42	0.69	228977	51	103.87
131	5.42	0.69	228849	52	103.87
132	5.37	0.69	229313	52	103.87
132	5.38	0.69	229045	52	104.06
132	5.40	0.69	229210	52	103.98
132	5.40	0.69	229209	52	103.97
132	5.40	0.69	229185	52	104.03
133	5.34	0.69	228708	52	104.05
133	5.36	0.69	228978	52	103.96
133	5.38	0.69	228583	52	104.03
133	5.35	0.69	228449	52	104.14
133	5.36	0.69	228911	52	104.02
132	5.40	0.69	229208	51	104.05
132	5.41	0.69	229378	52	104.01
132	5.40	0.69	229361	52	103.92
132	5.43	0.69	228987	52	103.82
132	5.41	0.69	229367	51	103.93
132	5.43	0.69	229025	52	103.78
132	5.42	0.69	228915	52	103.74
132	5.41	0.69	228913	52	103.89
132	5.41	0.69	229655	52	103.79
132	5.39	0.69	229241	52	103.85
132	5.40	0.69	229050	52	103.74
132	5.41	0.69	228732	52	103.81
132	5.42	0.69	228691	52	104.01
132	5.42	0.69	228620	52	103.92
132	5.40	0.69	228984	52	103.97
132	5.38	0.69	229250	52	104.02
132	5.39	0.69	229558	52	103.96
132	5.42	0.69	228882	52	103.85
132	5.56	0.69	228214	52	103.68
132	5.60	0.69	228378	52	103.63
131	5.59	0.69	228160	52	103.63
132	5.50	0.69	228606	52	103.76
132	5.57	0.69	228420	51	103.78
132	5.54	0.69	228792	52	103.77
132	5.57	0.69	229145	52	103.70
132	5.52	0.69	229188	52	103.81
132	5.58	0.69	228999	51	103.59
132	5.58	0.69	228011	52	103.65
132	5.55	0.69	228847	52	103.77
132	5.58	0.69	228678	52	103.58
132	5.59	0.69	228412	52	103.71
132	5.48	0.69	228767	52	103.83
132	5.49	0.69	228857	52	103.92
132	5.51	0.69	228378	52	103.73
132	5.57	0.69	228286	52	103.67
132	5.54	0.69	228471	51	103.69
132	5.59	0.69	228548	52	103.64
132	5.56	0.69	228094	52	103.73
132	5.58	0.69	228120	51	103.66
132	5.58	0.69	228617	52	103.66
132	5.61	0.69	228686	52	103.75
132	5.57	0.69	228501	52	103.80
132	5.61	0.69	228689	51	103.74
132	5.44	0.69	228284	51	103.83
132	5.59	0.69	228933	52	103.83
132	5.57	0.69	228696	52	103.80
132	5.55	0.69	228747	52	103.83
132	5.52	0.69	228713	52	103.92
132	5.59	0.69	228632	52	103.79
131	5.61	0.69	227520	52	103.65
133	5.42	0.69	227889	51	103.74
132	5.57	0.69	228770	52	103.75
132	5.59	0.69	228657	52	103.61
132	5.59	0.69	228455	51	103.73
132	5.40	0.69	227946	52	103.72
133	5.37	0.69	228159	52	103.91
131	5.51	0.70	228523	52	103.68
132	5.52	0.70	228293	52	103.62
131	5.48	0.69	228620	52	103.80
131	5.47	0.69	228307	52	103.72
131	5.52	0.70	227945	52	103.71
131	5.49	0.70	227783	51	103.66
131	5.52	0.70	227545	51	103.68
131	5.48	0.70	227859	52	103.63
132	5.48	0.70	228087	52	103.63
131	5.64	0.70	228253	52	103.59
131	5.69	0.70	228063	52	103.55
131	5.66	0.70	228121	52	103.61
131	5.70	0.70	228079	52	103.53
131	5.44	0.70	228095	52	103.78
131	5.51	0.70	227777	52	103.67
131	5.46	0.70	228107	52	103.75
131	5.50	0.69	228338	52	103.56
131	5.50	0.69	228388	52	103.69
131	5.70	0.70	227919	51	103.62
130	5.71	0.69	228261	52	103.60
132	5.64	0.70	228227	51	103.69
131	5.68	0.70	228029	52	103.56
131	5.61	0.69	227685	52	103.65
131	5.35	0.69	228055	52	103.79
131	5.35	0.69	228319	52	103.76
131	5.33	0.69	228506	52	103.83
131	5.35	0.70	227942	52	103.83
131	5.33	0.70	227808	51	103.81
131	5.35	0.70	228288	52	103.77
132	5.37	0.69	227647	52	103.73
132	5.36	0.69	227983	52	103.77
132	5.37	0.69	228133	52	103.75
131	5.56	0.69	228255	51	103.59
131	5.55	0.69	228317	52	103.54
131	5.32	0.69	228607	52	103.74
132	5.27	0.69	228563	52	103.91
131	5.35	0.69	228240	52	103.76
130	5.58	0.70	228102	52	103.91
131	5.37	0.70	228223	52	103.85
131	5.47	0.69	228485	52	103.75
132	5.52	0.69	228150	51	103.66
131	5.47	0.70	228404	52	103.72
131	5.47	0.69	227947	52	103.70
131	5.50	0.70	228080	51	103.68
131	5.65	0.70	227975	52	103.73
131	5.55	0.70	227664	52	103.66
131	5.34	0.70	228613	51	103.95
131	5.36	0.70	228054	52	103.91
131	5.35	0.70	228246	52	103.86
131	5.35	0.70	228384	51	103.83
131	5.31	0.69	228699	52	103.87
131	5.32	0.69	228451	52	103.90
131	5.58	0.70	228674	52	103.70
131	5.35	0.69	228430	52	103.87
131	5.34	0.69	228550	52	103.88
131	5.34	0.69	228442	52	103.88
131	5.35	0.69	228380	52	103.79
131	5.37	0.70	228544	52	103.86
131	5.34	0.70	228575	52	103.87
131	5.36	0.70	228359	52	103.89
131	5.36	0.70	228696	52	103.94
131	5.54	0.70	227791	52	103.80
131	5.48	0.70	228148	51	103.78
131	5.36	0.70	228414	52	103.89
130	5.38	0.70	227981	51	103.82
131	5.37	0.70	227882	52	103.76
131	5.32	0.69	228381	52	103.98
131	5.59	0.70	227776	52	103.68
131	5.58	0.70	228004	52	103.72
131	5.56	0.70	227841	52	103.79
131	5.47	0.70	228158	52	103.74
131	5.37	0.70	228199	52	103.90
130	5.58	0.70	227743	51	103.65
131	5.56	0.70	227656	52	103.68
131	5.53	0.69	227988	51	103.69
131	5.41	0.70	227804	52	103.92
131	5.36	0.69	228106	52	103.93
130	5.37	0.70	227955	52	103.82
131	5.33	0.70	228849	52	103.81
131	5.37	0.70	228229	52	103.90
131	5.59	0.70	228284	52	103.74
130	5.58	0.69	227898	51	103.69
131	5.42	0.69	228795	51	103.89
131	5.35	0.69	228609	52	103.81
131	5.35	0.70	228458	51	103.81
131	5.35	0.70	228458	51	103.87
131	5.28	0.69	228837	52	103.98
131	5.37	0.70	228012	52	103.86
131	5.53	0.70	227956	52	103.78
131	5.55	0.70	228139	52	103.79
131	5.35	0.70	228595	52	103.86
131	5.34	0.70	228476	51	103.93
131	5.36	0.70	228390	52	103.77
130	5.37	0.70	227956	52	103.82
131	5.35	0.70	228522	51	103.76
131	5.37	0.70	228393	52	103.80
132	5.35	0.70	229022	51	104.02
131	5.37	0.69	228117	52	103.82
132	5.33	0.69	228164	52	104.02
131	5.42	0.70	227429	52	103.95
132	5.41	0.69	227784	52	103.94
132	5.41	0.69	227837	52	103.87
132	5.35	0.69	227699	52	103.91
131	5.39	0.69	227600	52	103.85
132	5.39	0.69	227941	52	103.78
132	5.38	0.69	227376	52	103.90
132	5.57	0.69	228032	51	103.72
132	5.38	0.69	227367	52	103.88
132	5.38	0.69	227646	52	103.85
132	5.40	0.69	227478	52	103.75
132	5.37	0.69	227827	51	103.79
131	5.41	0.69	227225	51	103.92
132	5.40	0.69	227773	52	103.91
132	5.37	0.69	227930	52	103.95
132	5.33	0.69	228578	52	103.95
132	5.39	0.69	227590	51	103.87
131	5.42	0.69	227308	51	103.89
132	5.36	0.69	227803	52	103.94
132	5.36	0.69	228118	52	103.93
132	5.35	0.69	228037	51	103.96
131	5.37	0.69	228190	52	103.85
132	5.35	0.69	227642	52	104.02
131	5.40	0.69	227774	52	103.85
132	5.38	0.69	227830	52	103.79
132	5.38	0.69	228176	52	103.93
132	5.35	0.69	227669	52	103.95
132	5.42	0.69	227948	52	103.82
132	5.41	0.69	227958	51	103.94
132	5.39	0.69	228238	51	103.92
132	5.33	0.69	228101	52	103.93
132	5.33	0.69	228278	51	103.88
132	5.36	0.69	228490	52	103.73
131	5.36	0.69	228172	52	103.81
132	5.31	0.69	228232	52	103.76
132	5.39	0.69	227146	52	103.74
132	5.52	0.69	228120	52	103.80
132	5.56	0.69	227949	52	103.68
132	5.50	0.69	228184	51	103.84
132	5.69	0.69	227704	52	103.69
132	5.55	0.69	228104	51	103.76
132	5.58	0.69	227539	52	103.81
132	5.51	0.69	227461	52	103.78
132	5.54	0.69	228190	52	103.78
132	5.80	0.69	227569	52	103.67
132	5.77	0.69	227283	52	103.75
132	5.42	0.69	227757	52	103.89
132	5.69	0.69	227453	52	103.64
132	5.78	0.69	227590	52	103.69
132	5.74	0.69	227720	52	103.64
133	5.58	0.69	227814	52	103.80
133	5.56	0.68	228135	51	103.61
132	5.59	0.69	227414	52	103.72
133	5.81	0.69	227526	52	103.58
132	5.57	0.69	227699	51	103.79
133	5.60	0.69	227872	52	103.70
132	5.59	0.69	227579	51	103.77
133	5.57	0.68	228271	52	103.81
132	5.55	0.69	228410	52	103.72
133	5.54	0.69	228462	52	104.01
133	5.50	0.69	227699	51	103.93
133	5.46	0.68	228163	51	103.88
133	5.44	0.69	228179	52	103.96
133	5.43	0.68	228619	52	103.88
133	5.44	0.69	228409	52	103.98
133	5.41	0.69	228126	52	103.98
133	5.38	0.68	228170	52	104.06
132	5.38	0.69	228733	52	103.85
133	5.40	0.68	228520	52	103.86
133	5.43	0.68	228570	51	103.76
133	5.43	0.69	228432	51	103.91
133	5.36	0.69	228388	51	103.96
132	5.43	0.69	228120	52	103.81
133	5.44	0.69	227998	52	103.98
133	5.42	0.69	228625	52	103.85
133	5.45	0.69	203430	52	103.81
