Avg_MHz	Busy%	IPC	IRQ	PkgTmp	PkgWatt
167	7.42	0.83	209281	52	105.55
167	7.48	0.83	208784	53	105.36
167	7.45	0.82	209322	53	105.31
167	7.37	0.83	209943	53	105.50
166	7.44	0.83	210162	53	105.31
167	7.33	0.82	209964	52	105.30
166	7.37	0.82	210074	53	105.21
167	7.47	0.82	210110	53	105.16
167	7.47	0.83	210185	53	105.28
167	7.50	0.82	209870	53	105.29
167	7.46	0.83	210084	53	105.32
167	7.52	0.83	209866	52	105.23
168	7.49	0.83	209803	53	105.24
167	7.50	0.83	209501	52	105.32
168	7.52	0.83	209990	53	105.37
167	7.50	0.83	210039	53	105.31
169	7.57	0.82	209383	52	105.27
168	7.52	0.83	209297	53	105.43
167	7.46	0.82	209839	52	105.28
167	7.32	0.83	210276	53	105.50
167	7.51	0.83	209917	52	105.37
166	7.64	0.83	209437	52	105.15
166	7.65	0.83	209730	53	105.10
167	7.69	0.83	209615	52	105.23
167	7.67	0.83	209672	53	105.18
167	7.50	0.83	209843	53	105.15
167	7.59	0.83	209960	53	105.16
168	7.69	0.82	209075	52	105.17
167	7.44	0.83	210194	53	105.34
166	7.50	0.83	210011	53	105.29
166	7.52	0.83	210141	52	105.26
166	7.52	0.83	210122	53	105.35
166	7.50	0.83	210172	53	105.40
167	7.35	0.82	209596	52	105.42
168	7.48	0.82	209744	53	105.38
168	7.49	0.82	210282	53	105.45
167	7.40	0.82	210154	53	105.56
167	7.42	0.82	209736	53	105.46
168	7.44	0.83	210049	53	105.54
167	7.54	0.82	209506	52	105.36
167	7.37	0.83	209898	53	105.53
168	7.45	0.82	209854	53	105.51
167	7.36	0.83	210303	53	105.50
167	7.36	0.83	210583	53	105.46
166	7.51	0.83	209734	53	105.36
166	7.46	0.83	209759	53	105.34
167	7.42	0.83	209986	53	105.34
166	7.49	0.83	209993	52	105.25
167	7.35	0.83	210309	53	105.45
167	7.30	0.83	210218	53	105.42
167	7.38	0.83	210369	53	105.46
166	7.51	0.83	209990	52	105.22
167	7.49	0.83	210099	53	105.19
166	7.38	0.83	209814	53	105.36
167	7.31	0.82	210006	52	105.44
166	7.55	0.83	210101	52	105.12
167	7.56	0.83	209214	53	105.24
166	7.52	0.83	209759	53	105.25
166	7.52	0.83	209923	53	105.25
166	7.55	0.83	209908	53	105.21
167	7.60	0.83	209572	52	105.27
166	7.53	0.83	209693	53	105.34
166	7.52	0.83	209930	53	105.33
166	7.51	0.83	209969	53	105.33
166	7.53	0.83	209907	53	105.38
166	7.54	0.84	209936	52	105.35
166	7.51	0.83	210148	53	105.33
166	7.64	0.83	209952	53	105.11
166	7.74	0.83	209250	53	105.07
166	7.77	0.83	209353	52	105.14
168	7.58	0.82	209909	52	105.25
167	7.55	0.82	210098	52	105.19
167	7.54	0.83	209815	53	105.25
167	7.56	0.83	209953	52	105.34
167	7.55	0.83	210001	53	105.24
167	7.54	0.83	210159	53	105.22
168	7.52	0.82	209103	53	105.26
167	7.47	0.83	209929	53	105.16
167	7.48	0.83	209951	53	105.31
167	7.48	0.83	210080	53	105.26
167	7.52	0.83	209801	53	105.29
166	7.47	0.83	210014	53	105.28
167	7.49	0.83	210094	53	105.20
167	7.51	0.83	209975	53	105.22
167	7.53	0.83	209910	53	105.30
167	7.53	0.83	210066	53	105.24
167	7.52	0.83	210107	52	105.21
167	7.51	0.83	210011	53	105.27
167	7.49	0.82	209940	53	105.31
168	7.56	0.83	209778	52	105.13
167	7.45	0.83	210323	52	105.32
168	7.40	0.83	210077	53	105.47
166	7.33	0.83	209879	53	105.43
167	7.35	0.83	209576	53	105.44
166	7.33	0.83	210124	53	105.42
167	7.38	0.83	210260	52	105.47
167	7.41	0.83	209968	53	105.33
167	7.35	0.82	210328	52	105.36
167	7.33	0.83	210485	53	105.38
167	7.32	0.83	210559	53	105.45
167	7.32	0.83	210140	52	105.37
167	7.31	0.83	210097	53	105.48
167	7.38	0.83	210379	53	105.40
167	7.34	0.83	210280	52	105.43
167	7.36	0.83	210223	53	105.53
167	7.56	0.83	210114	53	105.21
167	7.56	0.83	210234	53	105.08
167	7.52	0.83	209968	53	104.98
167	7.56	0.83	210174	53	105.14
167	7.55	0.83	210115	52	105.22
167	7.53	0.83	210363	53	105.19
167	7.53	0.83	209915	53	105.20
172	7.78	0.85	209703	53	105.41
176	7.97	0.88	209604	53	105.68
175	7.88	0.88	209880	53	105.68
174	7.86	0.89	209575	53	105.63
184	8.28	0.87	220089	52	106.09
185	8.27	0.86	219892	52	106.60
185	8.12	0.86	220615	53	106.88
185	8.21	0.86	220224	53	106.93
185	8.23	0.86	219655	53	106.92
185	8.26	0.86	220197	53	106.97
185	8.25	0.86	220194	53	107.04
185	8.26	0.86	220345	53	106.91
185	8.21	0.86	220318	53	107.05
186	8.24	0.86	220307	53	107.01
185	8.25	0.86	220403	53	107.02
186	8.26	0.87	219987	53	106.96
185	8.23	0.86	219881	53	106.99
186	8.08	0.86	220206	53	107.16
190	8.17	0.84	218719	52	108.16
195	8.25	0.82	215494	52	107.91
194	8.34	0.82	215285	52	107.97
193	8.19	0.82	215376	52	108.32
194	8.25	0.82	215475	52	108.51
195	8.48	0.81	215048	52	107.99
195	8.43	0.82	215273	52	108.70
194	8.20	0.82	215561	52	108.19
194	8.20	0.82	215616	52	108.69
193	8.26	0.82	215165	52	107.88
194	8.33	0.82	215433	52	107.77
194	8.54	0.81	214044	52	107.45
196	8.48	0.81	214729	52	107.51
195	8.44	0.81	214329	51	107.66
195	8.47	0.81	214511	51	107.40
195	8.37	0.81	214738	51	107.22
195	8.35	0.81	215155	52	107.08
195	8.33	0.81	214502	51	107.52
195	8.33	0.81	214649	52	107.54
194	8.36	0.81	214469	52	106.94
195	8.38	0.81	214227	52	107.60
195	8.33	0.81	214569	52	107.95
194	8.37	0.81	214554	52	107.84
195	8.43	0.81	214402	51	107.55
195	8.39	0.82	214782	51	107.68
195	8.41	0.81	214367	51	107.15
195	8.35	0.82	214752	51	107.86
195	8.40	0.81	214858	51	107.99
195	8.37	0.81	215107	52	107.41
195	8.39	0.81	214371	51	107.44
195	8.57	0.82	214464	51	107.84
196	8.36	0.81	214966	51	108.11
195	8.53	0.82	214888	51	107.84
194	8.53	0.81	214457	51	107.38
195	8.44	0.81	214875	51	107.83
195	8.53	0.81	214177	51	107.58
195	8.58	0.81	214401	51	107.71
195	8.40	0.82	214562	51	107.67
198	8.17	0.81	216898	51	109.85
199	8.01	0.80	218638	51	109.88
199	8.01	0.80	218714	51	108.99
198	7.97	0.80	218466	51	109.23
200	8.05	0.80	218552	51	109.48
199	7.98	0.80	218587	51	109.03
198	7.97	0.80	218620	51	108.91
199	8.00	0.80	218358	51	109.19
199	8.00	0.80	218466	51	109.44
199	7.98	0.80	218552	51	108.87
198	7.94	0.80	218644	51	108.99
199	8.04	0.80	218529	51	109.01
199	8.03	0.80	218535	51	109.01
199	8.01	0.80	218728	51	108.92
199	7.98	0.80	218612	51	109.18
198	7.96	0.80	218382	51	108.71
199	8.00	0.80	218484	51	109.40
199	8.01	0.80	218505	51	108.90
199	8.02	0.80	218644	51	108.53
199	7.99	0.80	218401	51	109.35
199	7.99	0.80	218603	51	109.50
199	7.98	0.80	218557	51	108.76
199	7.99	0.80	218618	50	108.90
199	7.99	0.80	218231	50	108.85
199	7.97	0.80	218423	51	109.17
199	7.96	0.80	218559	51	109.28
199	7.98	0.80	218555	51	109.18
199	7.95	0.80	218371	51	109.21
198	7.93	0.80	218424	51	108.69
198	7.95	0.80	218524	50	109.15
197	7.98	0.81	219137	50	108.58
196	8.03	0.82	218712	50	107.18
195	8.04	0.82	218797	50	107.25
195	8.01	0.82	218976	50	106.83
196	8.04	0.82	218961	50	107.08
197	8.08	0.81	217228	50	107.50
196	8.08	0.81	218711	50	107.34
195	8.01	0.81	219034	50	107.23
197	8.09	0.81	220157	50	107.68
197	8.09	0.81	218691	50	107.70
197	8.11	0.81	218807	50	107.26
196	8.12	0.82	219246	50	107.70
196	8.03	0.81	218211	50	106.81
196	8.08	0.82	218466	50	107.05
196	8.07	0.81	218386	50	107.08
196	8.08	0.82	219445	50	106.98
195	8.05	0.82	219384	50	107.06
196	8.00	0.82	218915	50	107.04
195	8.05	0.82	219435	50	106.80
196	8.05	0.82	219427	50	107.12
195	8.04	0.82	219544	49	107.04
196	8.05	0.82	218599	49	107.08
195	8.20	0.82	219287	50	107.08
194	8.20	0.82	218921	49	106.93
195	8.03	0.82	219370	49	107.01
194	8.01	0.82	219135	49	106.98
195	7.97	0.81	218542	49	106.89
193	7.92	0.82	219594	49	106.96
194	7.95	0.83	219239	49	107.06
194	7.95	0.82	219361	49	106.96
195	8.00	0.82	220880	49	106.87
194	7.95	0.82	219156	49	106.92
192	8.03	0.82	217548	49	106.59
191	7.98	0.81	218102	49	106.49
181	7.56	0.76	220515	49	106.06
167	6.82	0.73	219717	49	105.50
167	6.84	0.73	219668	49	105.31
167	6.82	0.73	219713	49	105.37
167	6.84	0.73	220104	49	105.42
169	6.74	0.72	219407	49	105.50
168	6.79	0.72	219945	49	105.40
170	6.78	0.72	219011	49	105.51
169	6.84	0.72	218828	49	105.41
169	6.88	0.72	219615	49	105.15
169	6.80	0.72	219131	49	105.44
168	6.80	0.72	219946	49	105.34
168	6.78	0.72	220108	49	105.31
168	6.78	0.73	219847	49	105.03
168	6.77	0.73	219551	49	105.20
170	6.73	0.72	218455	49	105.13
170	6.81	0.72	219631	49	104.94
170	6.80	0.72	219570	49	104.95
170	6.83	0.72	219693	49	104.98
169	6.81	0.73	219510	49	105.07
170	6.87	0.72	219727	49	104.80
169	6.95	0.72	219540	49	105.08
169	6.81	0.72	219669	49	104.77
168	6.73	0.72	220086	49	104.75
148	5.66	0.64	227142	49	104.37
149	5.84	0.63	226878	49	104.35
148	5.78	0.63	226937	49	104.10
148	5.66	0.63	227105	49	104.52
148	5.64	0.64	227202	49	104.46
148	5.76	0.64	227073	49	104.29
150	5.86	0.64	34856	49	104.17
