Avg_MHz	Busy%	IPC	IRQ	PkgTmp	PkgWatt
167	7.39	0.89	209071	48	105.45
166	7.42	0.90	209596	48	104.34
167	7.47	0.90	209740	48	104.57
165	7.40	0.90	210078	48	104.38
166	7.43	0.90	210436	48	104.40
166	7.42	0.90	210218	48	104.33
166	7.42	0.90	210312	48	104.39
165	7.36	0.90	210235	48	104.35
165	7.36	0.90	210128	48	104.35
165	7.38	0.90	210325	48	104.36
166	7.40	0.90	210570	48	104.44
166	7.42	0.90	210382	48	104.46
166	7.41	0.90	210317	48	104.44
165	7.39	0.90	210200	48	104.45
166	7.41	0.90	210256	48	104.46
166	7.38	0.90	210426	48	104.46
166	7.42	0.90	210227	48	104.48
166	7.36	0.90	210121	48	104.45
166	7.33	0.90	209920	48	104.50
161	7.21	0.89	212151	48	104.59
166	7.37	0.90	210329	48	104.42
166	7.35	0.90	210245	48	104.47
166	7.35	0.90	210500	48	104.43
166	7.35	0.90	210473	48	104.49
166	7.34	0.90	210462	48	104.43
165	7.29	0.90	210637	48	104.40
166	7.32	0.90	210363	48	104.45
166	7.36	0.90	210274	48	104.44
166	7.31	0.90	210232	48	104.39
164	7.32	0.90	210864	48	104.36
165	7.30	0.91	210921	48	104.46
165	7.26	0.90	210799	48	104.49
165	7.25	0.90	210391	48	104.42
166	7.25	0.90	210383	48	104.50
166	7.25	0.90	210692	48	104.46
165	7.27	0.90	210428	48	104.37
166	7.30	0.90	210536	48	104.46
166	7.32	0.90	210375	48	104.49
165	7.39	0.90	210421	48	104.38
165	7.35	0.90	210401	48	104.41
165	7.31	0.91	210109	48	104.37
165	7.40	0.90	210022	48	104.39
171	7.60	0.90	210390	48	104.96
166	7.33	0.90	210274	48	104.54
165	7.34	0.90	210141	48	104.44
165	7.39	0.91	209946	48	104.49
165	7.39	0.91	210428	48	104.39
164	7.44	0.90	210121	48	104.35
165	7.44	0.90	210326	48	104.38
165	7.53	0.90	210261	48	104.30
165	7.52	0.90	210263	48	104.32
166	7.53	0.91	210169	48	104.25
165	7.50	0.90	210118	48	104.36
165	7.49	0.90	210283	48	104.41
165	7.50	0.90	210301	48	104.32
165	7.49	0.90	210070	48	104.42
165	7.49	0.91	210047	48	104.28
166	7.48	0.90	209637	48	104.38
165	7.46	0.91	210280	48	104.36
165	7.47	0.90	210012	48	104.29
165	7.47	0.90	210327	48	104.42
165	7.47	0.90	210099	48	104.42
165	7.45	0.90	210170	48	104.28
165	7.54	0.91	210071	48	104.30
165	7.47	0.90	210207	48	104.40
165	7.50	0.90	210157	48	104.38
165	7.41	0.91	210175	48	104.39
164	7.47	0.91	210113	48	104.37
165	7.41	0.90	209982	48	104.41
165	7.40	0.90	209986	48	104.34
164	7.39	0.91	210191	48	104.40
165	7.41	0.91	210012	48	104.46
164	7.38	0.91	210164	48	104.37
164	7.38	0.90	210004	48	104.30
165	7.37	0.91	210308	48	104.40
165	7.29	0.90	210258	48	104.50
165	7.27	0.91	210572	48	104.46
165	7.29	0.91	210602	48	104.43
164	7.37	0.91	210542	48	104.37
164	7.50	0.91	210231	48	104.24
164	7.49	0.91	210263	48	104.32
164	7.51	0.90	210300	48	104.30
164	7.55	0.90	210461	48	104.37
165	7.55	0.91	209960	48	104.32
165	7.54	0.91	210479	48	104.33
165	7.57	0.90	210236	48	104.39
165	7.55	0.90	210388	48	104.25
164	7.46	0.91	210126	48	104.31
165	7.47	0.91	210770	48	104.49
164	7.41	0.91	210214	48	104.86
164	7.46	0.91	210539	48	104.25
165	7.49	0.91	210157	48	104.30
165	7.48	0.90	210330	48	104.23
164	7.50	0.91	210415	48	104.33
164	7.46	0.91	210481	48	104.25
164	7.49	0.91	210467	48	104.24
167	7.59	0.91	210439	48	104.45
164	7.48	0.91	210247	48	104.22
164	7.51	0.91	210111	48	104.29
164	7.47	0.91	210145	48	104.31
164	7.50	0.91	210335	48	104.26
165	7.52	0.91	210497	48	104.26
164	7.48	0.91	210593	48	104.35
165	7.52	0.91	210195	48	104.23
165	7.51	0.91	210256	48	104.31
165	7.49	0.90	210204	48	104.38
165	7.47	0.90	210310	48	104.20
164	7.45	0.90	209895	48	104.32
164	7.42	0.91	210256	48	104.30
164	7.40	0.91	210176	48	104.31
164	7.42	0.90	210301	48	104.37
164	7.41	0.91	209962	48	104.40
164	7.43	0.91	210362	48	104.28
165	7.44	0.91	210199	48	104.38
165	7.27	0.90	210446	48	104.44
166	7.27	0.90	210526	48	104.42
165	7.27	0.91	210326	48	104.37
164	7.41	0.90	210290	48	104.35
165	7.30	0.90	210439	48	104.31
165	7.45	0.91	210182	48	104.35
166	7.36	0.91	210461	48	104.31
169	7.61	0.90	210618	48	104.95
166	7.41	0.90	210503	48	104.40
165	7.44	0.90	210239	48	104.38
166	7.33	0.90	210479	48	104.50
165	7.30	0.90	210194	48	104.38
165	7.30	0.90	210418	48	104.36
165	7.31	0.90	210308	48	104.38
165	7.31	0.90	210443	48	104.34
165	7.27	0.90	210499	48	104.31
166	7.31	0.90	210110	48	104.36
164	7.35	0.90	210096	48	104.25
164	7.43	0.90	210069	48	104.20
164	7.44	0.91	210066	48	104.17
164	7.44	0.90	209627	48	104.21
164	7.41	0.90	210146	48	104.25
165	7.43	0.91	210319	48	104.37
165	7.50	0.91	210300	48	104.29
165	7.47	0.90	210187	48	104.32
165	7.50	0.90	210093	48	104.31
165	7.50	0.91	210370	48	104.27
165	7.46	0.91	210183	48	104.23
165	7.53	0.91	210550	48	104.35
165	7.46	0.91	210157	48	104.29
165	7.38	0.91	210406	48	104.31
165	7.27	0.90	210455	48	104.42
166	7.25	0.90	210306	48	104.44
165	7.23	0.90	210361	48	104.32
166	7.25	0.90	210567	48	104.44
165	7.22	0.90	210451	48	104.31
166	7.26	0.90	210496	48	104.42
166	7.25	0.90	210437	48	104.41
165	7.23	0.90	210344	48	104.32
165	7.22	0.90	210589	48	104.33
166	7.28	0.90	210404	48	104.66
166	7.29	0.90	210113	48	104.38
165	7.39	0.90	210194	48	104.34
164	7.41	0.91	210471	48	104.42
164	7.38	0.91	210951	48	104.35
164	7.36	0.90	210690	48	104.28
164	7.39	0.91	211052	48	104.31
165	7.37	0.91	211151	48	104.41
166	7.30	0.90	210344	48	104.38
166	7.30	0.90	210318	48	104.29
166	7.27	0.90	210679	48	104.36
170	6.84	0.88	211976	48	107.53
166	6.76	0.89	211443	48	106.00
166	6.99	0.90	210985	48	105.91
165	7.20	0.90	210695	48	104.96
165	7.31	0.90	210439	48	104.61
166	7.28	0.90	211247	48	105.22
164	7.15	0.90	210495	48	104.88
165	7.11	0.90	210220	48	105.01
165	7.16	0.90	210682	48	104.95
165	7.49	0.90	210245	48	104.22
166	7.48	0.90	210530	48	104.62
165	7.43	0.90	210305	48	104.21
165	7.44	0.90	210198	48	104.31
165	7.48	0.90	209987	48	104.32
166	7.49	0.90	210046	48	104.34
167	7.21	0.90	211274	48	104.88
166	7.14	0.90	210837	48	104.67
166	7.13	0.90	210751	49	104.68
165	7.22	0.91	211274	48	104.60
165	7.45	0.90	210372	48	104.19
165	7.37	0.90	211537	48	104.74
165	7.29	0.90	210294	48	104.33
166	7.31	0.90	210318	48	104.36
166	7.34	0.90	210446	48	104.28
167	7.38	0.90	210793	48	104.42
166	7.33	0.90	210494	48	104.35
165	7.31	0.90	210257	48	104.43
166	7.34	0.90	210584	48	104.33
166	7.35	0.90	210379	48	104.38
167	7.41	0.90	210764	48	104.39
167	7.43	0.90	210840	48	104.48
166	7.42	0.90	210452	48	104.40
166	7.40	0.90	210427	48	104.31
165	7.32	0.91	210368	48	104.42
166	7.37	0.91	210480	48	104.31
165	7.34	0.90	210785	48	104.34
166	7.17	0.90	210488	48	104.36
165	7.23	0.90	210557	48	104.47
165	7.26	0.90	210504	48	104.43
166	7.28	0.90	210604	48	104.33
166	7.30	0.90	210403	48	104.28
166	7.31	0.90	210453	48	104.34
165	7.30	0.90	210489	48	104.38
166	7.31	0.90	210580	48	104.35
167	7.33	0.89	209969	48	104.53
166	7.30	0.90	210391	48	104.35
166	7.31	0.90	210435	48	104.31
166	7.32	0.90	210556	48	104.42
165	7.37	0.90	210835	48	104.44
165	7.23	0.90	210598	48	104.42
165	7.34	0.90	210248	48	104.33
164	7.44	0.90	210212	48	104.32
165	7.49	0.90	210040	48	104.39
165	7.48	0.90	210115	48	104.51
164	7.41	0.90	210163	48	104.24
165	7.41	0.91	210385	48	104.38
165	7.33	0.90	210306	48	104.40
165	7.33	0.90	210556	48	104.35
164	7.40	0.91	210200	48	104.27
166	7.24	0.90	210211	48	104.35
165	7.22	0.90	210301	48	104.38
165	7.24	0.90	210360	48	104.24
165	7.23	0.90	210467	48	104.36
165	7.20	0.90	210680	48	104.30
165	7.35	0.91	210096	48	104.24
165	7.45	0.91	210286	48	104.30
164	7.40	0.90	210024	48	104.13
164	7.42	0.90	210177	48	104.43
164	7.44	0.91	210050	48	104.21
165	7.41	0.91	210362	48	104.34
165	7.48	0.90	210107	48	104.30
165	7.46	0.91	210355	48	104.24
164	7.39	0.91	210117	48	104.27
165	7.36	0.91	210559	48	104.35
165	7.42	0.91	210275	48	104.33
165	7.48	0.90	210238	48	104.26
165	7.49	0.90	209892	48	104.26
165	7.49	0.90	210185	48	104.30
164	7.51	0.91	210913	48	104.32
165	7.34	0.90	210464	48	104.37
165	7.38	0.90	210252	48	104.40
165	7.35	0.91	210515	48	104.38
165	7.30	0.90	210317	48	104.38
164	7.36	0.91	210446	48	104.30
165	7.38	0.91	210205	48	104.38
165	7.33	0.91	210367	48	104.37
164	7.45	0.91	210947	48	104.38
164	7.46	0.91	210850	48	104.27
164	7.46	0.91	210810	48	104.20
164	7.51	0.90	210864	48	104.23
165	7.39	0.91	210957	48	104.32
164	7.34	0.91	210852	48	104.43
164	7.39	0.91	210690	48	104.39
166	7.35	0.91	210576	48	104.40
166	7.22	0.90	210476	48	104.42
165	7.27	0.90	210366	48	104.43
166	7.34	0.90	210513	48	104.48
166	7.30	0.90	210326	48	104.42
166	7.30	0.90	210220	48	104.42
166	7.30	0.90	210367	48	104.47
165	7.32	0.90	210241	48	104.36
165	7.28	0.89	210207	48	104.37
165	7.35	0.91	211116	48	104.38
164	7.43	0.91	211098	48	104.34
165	7.46	0.91	210889	48	104.36
165	7.30	0.91	210692	48	104.38
164	7.31	0.90	210470	48	104.24
165	7.31	0.90	210613	48	104.40
165	7.32	0.90	210491	48	104.27
165	7.32	0.90	210474	48	104.44
166	7.32	0.90	210358	48	104.42
165	7.39	0.91	210665	48	104.39
164	7.28	0.90	210579	48	104.32
165	7.32	0.91	210672	48	104.43
165	7.26	0.90	210402	48	104.49
165	7.42	0.90	210458	48	104.40
165	7.44	0.91	210398	48	104.30
164	7.38	0.90	210358	48	104.31
164	7.41	0.91	209959	48	104.32
165	7.47	0.90	210141	48	104.36
165	7.42	0.90	209966	48	104.31
165	7.42	0.91	210042	48	104.30
164	7.46	0.91	209964	48	104.21
165	7.46	0.91	210113	48	104.31
164	7.46	0.91	210180	48	104.23
165	7.29	0.91	210476	48	104.42
166	7.29	0.90	210484	48	104.47
166	7.30	0.89	210504	48	104.40
166	7.30	0.89	210355	48	104.51
166	7.33	0.90	210448	48	104.43
166	7.32	0.90	210513	48	104.45
166	7.33	0.90	210387	48	104.46
166	7.39	0.90	210666	48	104.48
166	7.29	0.90	210464	48	104.40
166	7.31	0.90	210566	48	104.35
165	7.33	0.91	210479	48	104.39
166	7.38	0.90	210327	48	104.45
165	7.34	0.90	210617	48	104.33
165	7.34	0.91	210588	48	104.52
166	7.38	0.90	210585	48	104.49
166	7.30	0.90	210470	48	104.44
166	7.31	0.90	210627	48	104.55
166	7.30	0.90	210685	48	104.57
167	7.43	0.90	210026	48	104.61
167	7.34	0.90	209512	48	104.69
167	7.40	0.89	209592	48	104.47
165	7.36	0.91	210456	48	104.53
165	7.36	0.90	210402	48	104.44
165	7.34	0.90	210602	48	104.48
167	7.24	0.90	210560	48	104.54
165	7.17	0.90	210406	48	104.54
166	7.35	0.90	210010	48	104.41
166	7.36	0.90	210112	48	104.40
166	7.33	0.90	210309	48	104.44
167	7.37	0.90	210250	48	104.44
166	7.30	0.90	210262	48	104.52
166	7.33	0.90	210153	48	104.53
164	7.43	0.91	211045	48	104.36
165	7.44	0.91	211099	48	104.33
164	7.42	0.91	210895	48	104.44
165	7.47	0.90	210547	48	104.37
165	7.48	0.90	210792	48	104.40
165	7.48	0.90	210944	48	104.38
166	7.51	0.90	210883	48	104.28
165	7.47	0.90	210890	48	104.38
165	7.47	0.90	211219	48	104.36
165	7.46	0.90	210947	48	104.41
166	7.07	0.90	211515	48	105.43
165	7.12	0.90	210594	48	105.34
166	7.30	0.90	210434	48	104.48
165	7.47	0.90	210602	48	104.49
165	7.50	0.90	210032	48	104.40
165	7.47	0.90	210007	48	104.29
165	7.48	0.90	210136	49	104.37
165	7.46	0.90	210274	48	104.42
165	7.48	0.90	210330	48	104.33
166	7.48	0.90	210140	48	104.32
166	7.38	0.90	210426	48	104.48
166	7.37	0.90	210137	48	104.39
166	7.40	0.90	210070	48	104.40
166	7.41	0.90	210148	48	104.42
166	7.42	0.90	210055	48	104.40
166	7.34	0.90	210182	48	104.41
166	7.52	0.90	210176	48	104.32
165	7.24	0.90	209909	48	104.38
165	7.40	0.90	210161	48	104.16
165	7.42	0.90	210072	48	104.36
165	7.43	0.90	210090	48	104.27
166	7.39	0.90	210118	48	104.39
166	7.38	0.90	210414	48	104.38
166	7.43	0.90	210244	48	104.36
165	7.35	0.90	210167	48	104.27
166	7.36	0.90	210342	48	104.28
165	7.36	0.90	210265	48	104.40
166	7.38	0.90	210117	48	104.34
166	7.41	0.90	210210	48	104.47
166	7.44	0.90	210223	48	104.44
166	7.35	0.90	210234	48	104.45
166	7.36	0.90	210109	48	104.54
165	7.34	0.90	210523	48	104.34
165	7.34	0.90	210366	48	104.45
167	7.41	0.90	209951	48	104.56
164	7.46	0.91	210701	48	104.40
165	7.42	0.90	210355	48	104.42
166	7.38	0.90	210334	48	104.48
165	7.31	0.90	210388	48	104.48
166	7.38	0.90	210084	48	104.41
165	7.36	0.90	210251	48	104.43
165	7.36	0.90	210104	48	104.43
165	7.36	0.90	210505	48	104.41
164	7.47	0.91	210676	48	104.38
166	7.37	0.90	210451	48	104.42
166	7.37	0.90	210148	48	104.49
165	7.42	0.90	210934	48	104.43
165	7.49	0.91	210646	48	104.40
164	7.42	0.91	210652	48	104.43
165	7.35	0.90	210097	48	104.42
166	7.40	0.90	210412	48	104.50
166	7.40	0.90	210073	48	104.45
165	7.56	0.90	210976	48	104.40
164	7.51	0.90	210910	48	104.29
165	7.47	0.90	210678	48	104.54
165	7.41	0.90	210121	48	104.41
164	7.29	0.90	210202	48	104.46
164	7.28	0.90	210050	48	104.39
166	7.26	0.90	210433	48	104.59
166	7.33	0.89	210257	48	104.54
166	7.34	0.90	210462	48	104.53
166	7.35	0.90	210506	48	104.41
165	7.39	0.90	210928	48	104.39
164	7.41	0.91	211076	48	104.41
165	7.45	0.91	210377	48	104.46
167	7.50	0.90	209836	48	104.51
166	7.37	0.90	210660	48	104.47
165	7.43	0.91	211110	48	104.47
165	7.43	0.91	211118	48	104.47
165	7.45	0.91	210600	48	104.42
164	7.53	0.91	210650	48	104.38
164	7.52	0.91	210456	48	104.30
164	7.49	0.91	210285	48	104.36
164	7.49	0.91	210195	48	104.35
164	7.47	0.91	210332	48	104.37
166	7.41	0.91	210375	49	104.48
166	7.36	0.90	210629	48	104.44
165	7.30	0.91	210562	48	104.51
165	7.30	0.90	210587	48	104.37
165	7.30	0.91	210506	48	104.49
165	7.30	0.91	210815	48	104.42
165	7.29	0.91	210564	49	104.49
165	7.24	0.90	210610	48	104.52
166	7.36	0.90	210538	48	104.37
165	7.48	0.90	210611	48	104.51
166	7.51	0.90	210769	48	104.43
165	7.58	0.90	210599	48	104.29
165	7.51	0.90	210189	48	104.43
167	7.40	0.89	210498	48	104.54
166	7.36	0.89	210440	48	104.42
166	7.53	0.90	210492	49	104.43
165	7.57	0.90	210477	48	104.34
165	7.56	0.90	210332	48	104.45
165	7.50	0.90	210464	48	104.31
165	7.56	0.90	210378	48	104.41
165	7.50	0.91	210297	48	104.38
164	7.54	0.91	210590	48	104.41
165	7.51	0.90	210567	48	104.32
165	7.34	0.91	210478	48	104.41
165	7.45	0.91	210261	48	104.45
164	7.48	0.91	210406	48	104.33
165	7.51	0.90	210207	48	104.36
165	7.52	0.91	210434	48	104.49
165	7.54	0.91	210267	48	104.32
165	7.56	0.91	210400	48	104.40
164	7.49	0.91	210587	48	104.41
165	7.40	0.90	210569	48	104.41
165	7.41	0.90	210554	48	104.47
165	7.39	0.90	210501	48	104.40
165	7.40	0.90	210538	48	104.51
166	7.42	0.90	210805	48	104.51
166	7.40	0.90	210291	48	104.44
166	7.43	0.90	210708	48	104.49
166	7.40	0.90	210542	49	104.56
166	7.44	0.90	210439	48	104.51
164	7.50	0.90	210323	48	104.38
165	7.43	0.91	210411	48	104.47
164	7.40	0.91	210192	48	104.41
165	7.42	0.91	210011	48	104.52
165	7.44	0.91	209848	48	104.39
164	7.44	0.91	210181	48	104.40
164	7.50	0.91	210356	48	104.46
165	7.32	0.91	210345	48	104.44
165	7.31	0.90	210436	48	104.45
165	7.32	0.90	210751	48	104.53
166	7.41	0.91	210187	48	104.54
165	7.42	0.90	210281	48	104.34
166	7.31	0.90	210312	49	104.48
165	7.30	0.90	210392	48	104.46
166	7.39	0.90	209989	48	104.33
165	7.39	0.90	210022	48	104.37
165	7.35	0.90	209682	48	104.33
165	7.36	0.90	210128	48	104.31
165	7.36	0.90	210267	48	104.49
165	7.37	0.90	210123	48	104.45
165	7.33	0.90	210218	48	104.39
165	7.25	0.90	210387	48	104.55
165	7.49	0.91	210472	48	104.35
166	7.49	0.91	210153	48	104.48
165	7.46	0.90	210053	48	104.33
166	7.36	0.90	210336	48	104.48
165	7.40	0.90	210212	48	104.33
166	7.30	0.90	210467	48	104.51
165	7.39	0.90	210844	48	104.48
166	7.33	0.91	210376	48	104.50
166	7.30	0.90	210571	48	104.46
166	7.30	0.90	210549	48	104.44
165	7.27	0.90	210294	48	104.43
165	7.35	0.90	210857	48	104.46
164	7.38	0.91	210916	48	104.32
164	7.22	0.91	211259	48	104.77
165	7.29	0.90	210528	48	105.03
165	7.30	0.90	210494	48	104.99
165	7.35	0.90	210237	48	104.72
165	7.41	0.91	209903	48	104.44
165	7.44	0.91	210181	48	104.44
165	7.41	0.90	210112	48	104.39
164	7.40	0.91	210186	48	104.41
165	7.42	0.91	210143	48	104.46
164	7.39	0.90	210119	48	104.37
165	7.40	0.91	210613	48	104.44
164	7.39	0.90	210495	48	104.44
164	7.37	0.91	210823	48	104.46
165	7.22	0.90	210223	48	104.45
165	7.33	0.90	210328	48	104.45
166	7.28	0.90	210189	48	104.53
166	7.34	0.90	210374	48	104.46
165	7.28	0.89	210253	48	104.43
167	7.36	0.90	210071	48	104.55
166	7.33	0.90	210155	48	104.56
164	7.43	0.91	210198	48	104.37
165	7.40	0.91	209997	48	104.42
165	7.43	0.91	210026	48	104.40
165	7.33	0.90	209939	48	104.41
165	7.25	0.90	210291	48	104.47
165	7.25	0.90	210069	48	104.52
165	7.37	0.90	210191	48	104.51
166	7.34	0.90	209857	48	104.85
166	7.15	0.91	210766	48	105.41
165	7.07	0.91	210686	48	105.44
165	7.12	0.90	210648	48	105.44
165	7.11	0.90	210553	48	105.36
165	7.31	0.91	210407	48	104.92
165	7.40	0.91	209889	48	104.37
165	7.42	0.91	210268	48	104.42
165	7.34	0.91	210075	48	104.48
165	7.41	0.91	210856	48	104.39
166	7.26	0.90	210276	48	104.53
165	7.27	0.90	210492	48	104.41
164	7.33	0.91	210727	48	104.47
163	7.52	0.91	210627	48	104.31
165	7.37	0.90	210005	48	104.32
164	7.40	0.91	210065	48	104.42
166	7.34	0.90	210411	48	104.45
165	7.49	0.90	210151	48	104.38
165	7.41	0.90	210174	48	104.44
166	7.25	0.90	210619	48	104.55
164	7.39	0.91	210296	48	104.46
166	7.30	0.90	210417	48	104.47
165	7.29	0.90	210099	48	104.43
166	7.29	0.90	210483	48	104.50
165	7.25	0.90	210356	48	104.52
166	7.28	0.90	210393	48	104.52
165	7.42	0.90	210107	48	104.45
165	7.36	0.90	210453	48	104.46
165	7.42	0.91	210138	48	104.46
166	7.30	0.90	210439	48	104.45
166	7.35	0.90	210749	48	104.57
164	7.36	0.90	210349	48	104.40
164	7.36	0.90	210830	48	104.46
165	7.46	0.91	209990	48	104.48
165	7.50	0.90	210250	48	104.36
165	7.36	0.90	210522	48	104.42
166	7.29	0.90	210386	48	104.55
165	7.39	0.91	210255	48	104.40
165	7.24	0.90	210441	48	104.47
166	7.25	0.90	210613	48	104.53
165	7.23	0.90	210294	48	104.49
166	7.19	0.90	210654	49	104.44
164	7.39	0.91	210280	48	104.38
165	7.28	0.90	210563	48	104.41
165	7.31	0.91	210625	48	104.37
164	7.42	0.90	210259	48	104.45
165	7.44	0.90	210233	48	104.32
165	7.44	0.91	210356	48	104.38
164	7.43	0.90	210183	48	104.33
165	7.32	0.90	210469	48	104.41
165	7.26	0.90	210309	48	104.55
165	7.28	0.90	210454	48	104.48
165	7.29	0.90	210129	48	104.45
166	7.35	0.90	210247	48	104.46
165	7.31	0.90	210230	48	104.53
166	7.35	0.90	210345	48	104.50
166	7.34	0.90	210259	48	104.44
165	7.31	0.90	210278	48	104.45
166	7.36	0.90	210353	48	104.52
166	7.29	0.89	210465	48	104.61
165	7.12	0.90	210375	48	105.33
166	7.20	0.90	210629	48	105.40
166	7.04	0.90	210624	48	105.51
167	7.01	0.90	210951	48	105.60
166	6.99	0.90	210769	48	105.53
166	7.10	0.91	210837	49	105.12
167	7.09	0.90	212229	48	106.00
166	7.09	0.90	210901	48	105.50
166	7.08	0.90	210697	48	105.66
166	7.10	0.90	210952	48	105.50
166	7.09	0.90	210980	48	105.53
166	7.12	0.90	210964	48	105.54
166	7.10	0.90	210889	48	105.52
166	7.04	0.89	210924	48	105.54
167	6.97	0.89	210923	48	105.58
167	7.01	0.90	211107	49	105.67
167	7.04	0.90	211088	49	105.63
167	7.03	0.90	211038	48	105.63
166	7.00	0.89	211069	48	105.62
166	7.01	0.89	211143	48	105.62
167	7.02	0.89	210554	48	105.66
166	6.99	0.90	210909	48	105.58
166	7.03	0.90	211264	48	105.54
165	7.03	0.90	211390	49	105.55
166	6.99	0.90	210826	49	105.59
167	7.02	0.90	210807	48	105.62
166	7.15	0.91	211421	48	105.48
165	7.13	0.91	211410	48	105.39
165	7.37	0.90	210524	48	104.61
165	7.45	0.91	210340	48	104.47
165	7.44	0.91	210249	49	104.39
165	7.45	0.91	210074	48	104.43
165	7.47	0.90	209847	48	104.51
164	7.43	0.90	210328	49	104.48
164	7.42	0.91	210051	48	104.48
165	7.46	0.90	210076	48	104.43
164	7.43	0.91	210109	48	104.36
164	7.40	0.90	209980	48	104.43
164	7.48	0.91	210676	49	104.42
165	7.43	0.91	210109	48	104.39
165	7.43	0.90	210372	48	104.48
165	7.49	0.90	210034	48	104.41
165	7.44	0.90	210118	48	104.41
165	7.41	0.91	209947	48	104.47
165	7.28	0.91	210186	48	104.55
165	7.24	0.90	210475	49	104.54
164	7.37	0.91	211014	48	104.55
164	7.39	0.91	210934	48	104.57
164	7.37	0.91	211016	48	104.57
165	7.40	0.91	210946	48	104.48
164	7.36	0.90	210851	48	104.49
164	7.37	0.91	210910	49	104.55
164	7.39	0.91	211152	48	104.51
164	7.27	0.91	211379	48	104.59
164	7.47	0.91	210596	48	104.44
163	7.56	0.91	210726	48	104.37
164	7.38	0.90	210867	48	104.38
164	7.38	0.91	211145	48	104.51
163	7.55	0.91	210790	48	104.33
165	7.13	0.91	211401	48	105.46
165	7.17	0.91	211355	48	105.18
164	7.36	0.91	211070	48	104.55
165	7.38	0.91	211003	48	104.45
164	7.40	0.90	211062	48	104.51
165	7.41	0.91	211091	48	104.41
165	7.41	0.91	210894	48	104.43
165	7.43	0.91	211042	48	104.39
165	7.42	0.90	210837	48	104.52
165	7.43	0.91	210889	48	104.35
164	7.39	0.91	211229	48	104.41
164	7.40	0.91	210981	48	104.45
164	7.39	0.91	211042	48	104.38
164	7.29	0.90	210636	48	104.48
165	7.33	0.90	210683	48	104.43
164	7.30	0.90	210571	48	104.47
165	7.23	0.90	210169	48	104.41
165	7.22	0.90	210288	48	104.46
165	7.26	0.90	210160	48	104.50
165	7.41	0.90	210079	48	104.35
164	7.43	0.91	210181	48	104.43
164	7.39	0.90	210181	48	104.39
164	7.49	0.91	210590	48	104.38
165	7.54	0.90	210122	48	104.42
165	7.54	0.90	210234	48	104.41
165	7.56	0.90	210158	48	104.41
164	7.54	0.91	210326	48	104.39
165	7.60	0.90	210169	48	104.38
165	7.59	0.90	210346	48	104.46
165	7.53	0.90	210233	48	104.51
165	7.31	0.91	210708	48	104.50
166	7.26	0.90	210302	48	104.52
165	7.32	0.90	210440	48	104.49
165	7.43	0.91	210812	48	104.68
165	7.41	0.91	210917	48	104.51
165	7.46	0.91	210592	48	104.49
164	7.57	0.91	210541	49	104.35
165	7.44	0.91	210173	48	104.39
165	7.42	0.91	210234	48	104.53
164	7.42	0.90	210049	48	104.36
165	7.45	0.90	210357	48	104.41
164	7.43	0.90	210098	48	104.43
164	7.45	0.91	210554	48	104.39
165	7.44	0.91	209811	48	104.56
165	7.47	0.90	210298	48	104.36
166	7.47	0.91	210032	48	104.41
165	7.35	0.90	210250	48	104.46
166	7.30	0.90	210200	48	104.42
166	7.29	0.90	210377	48	104.75
166	7.27	0.90	210341	48	104.49
166	7.29	0.90	210493	48	104.52
166	7.28	0.90	210368	48	104.38
167	7.33	0.90	210740	48	104.56
166	7.34	0.90	210678	48	104.53
166	7.36	0.90	210377	48	104.44
165	7.37	0.90	210410	48	104.44
166	7.33	0.90	210330	48	104.45
166	7.35	0.90	210274	48	104.41
166	7.35	0.90	210270	48	104.52
166	7.34	0.90	210016	48	104.65
167	7.36	0.90	210331	48	104.56
167	7.39	0.90	210222	48	104.48
166	7.33	0.90	210542	48	104.51
166	7.34	0.90	210130	48	104.42
166	7.39	0.90	210458	48	104.56
167	7.33	0.90	210670	48	104.68
166	7.29	0.90	210552	48	104.43
166	7.32	0.90	210430	48	104.49
166	7.23	0.90	210402	48	104.59
165	7.39	0.91	210652	48	104.42
165	7.33	0.90	210812	48	104.57
166	7.31	0.90	210405	48	104.57
166	7.30	0.90	210466	48	104.53
166	7.32	0.90	210471	48	104.53
166	7.35	0.90	210366	48	104.50
165	7.45	0.91	210032	48	104.43
165	7.41	0.90	210099	48	104.47
164	7.45	0.90	210118	48	104.41
165	7.34	0.90	210320	48	104.43
165	7.42	0.91	210114	48	104.28
165	7.48	0.90	210215	48	104.43
165	7.51	0.90	210169	48	104.47
165	7.48	0.90	210078	48	104.35
166	7.35	0.90	210350	48	104.50
165	7.44	0.91	211134	48	104.39
164	7.37	0.91	211099	48	104.47
165	7.30	0.91	211006	48	104.46
164	7.45	0.91	210177	48	104.29
165	7.30	0.91	210948	48	104.49
164	7.52	0.90	210309	48	104.40
164	7.51	0.90	210444	48	104.29
164	7.44	0.90	210068	48	104.33
165	7.33	0.90	210536	48	104.50
165	7.29	0.90	210459	48	104.38
165	7.33	0.91	210705	48	104.44
166	7.39	0.90	210531	48	104.37
166	7.37	0.90	210648	48	104.39
166	7.32	0.90	210317	48	104.45
166	7.36	0.90	210554	48	104.31
167	7.29	0.90	210718	48	104.55
165	7.47	0.91	210305	48	104.43
165	7.49	0.90	210124	48	104.36
164	7.38	0.90	210188	48	104.28
166	7.39	0.90	210161	48	104.41
166	7.41	0.90	210240	48	104.36
164	7.46	0.91	210213	48	104.29
165	7.36	0.91	210656	48	104.39
165	7.36	0.91	210433	48	104.38
166	7.27	0.90	210454	48	104.42
165	7.32	0.90	210442	48	104.45
166	7.39	0.90	210667	48	104.38
165	7.28	0.90	210247	48	104.24
164	7.41	0.91	210207	48	104.27
164	7.42	0.91	210231	48	104.28
165	7.43	0.91	210348	48	104.40
164	7.50	0.91	210144	48	104.25
165	7.47	0.90	210055	48	104.33
164	7.48	0.91	210293	48	104.26
165	7.30	0.90	210523	48	104.59
166	7.31	0.90	210203	48	104.45
165	7.44	0.90	210229	48	104.28
164	7.48	0.91	210397	48	104.29
165	7.33	0.91	210632	48	104.38
166	7.39	0.90	210287	48	104.48
165	7.53	0.91	210602	48	104.32
164	7.49	0.91	210320	48	104.27
165	7.43	0.91	210531	48	104.32
164	7.47	0.91	210385	48	104.20
165	7.28	0.90	210491	48	104.38
166	7.33	0.90	210519	48	104.42
166	7.44	0.91	210186	48	104.33
165	7.48	0.91	210188	48	104.32
165	7.47	0.91	210500	48	104.38
165	7.44	0.90	210041	48	104.27
165	7.46	0.91	210081	48	104.31
165	7.46	0.91	210432	48	104.35
165	7.44	0.91	210131	48	104.24
165	7.47	0.90	210317	48	104.37
165	7.48	0.91	210326	48	104.29
165	7.39	0.91	209908	48	104.34
164	7.40	0.90	209849	48	104.36
164	7.42	0.91	210024	48	104.33
164	7.51	0.91	210268	48	104.26
165	7.42	0.90	210033	48	104.30
165	7.32	0.91	210371	48	104.32
165	7.34	0.91	210516	48	104.42
165	7.32	0.91	210413	48	104.40
165	7.49	0.91	210886	48	104.43
165	7.43	0.90	210556	48	104.42
166	7.40	0.90	210250	48	104.41
166	7.37	0.90	210332	48	104.43
165	7.33	0.90	210368	48	104.47
165	7.33	0.90	210496	48	104.39
165	7.34	0.90	210388	48	104.41
166	7.38	0.90	210336	48	104.41
165	7.28	0.90	210955	48	104.75
166	7.31	0.90	210276	48	104.35
166	7.34	0.90	210168	48	104.48
165	7.29	0.90	210229	48	104.39
166	7.33	0.90	210245	48	104.44
166	7.38	0.90	210565	48	104.45
165	7.37	0.90	210241	48	104.34
164	7.39	0.91	209988	48	104.36
166	7.48	0.90	209888	48	104.30
165	7.45	0.91	210431	48	104.40
165	7.43	0.91	210181	48	104.30
165	7.44	0.90	210351	48	104.31
165	7.44	0.91	210127	48	104.32
164	7.42	0.91	210350	48	104.23
165	7.43	0.91	210254	48	104.40
165	7.42	0.91	210193	48	104.39
165	7.43	0.91	210232	48	104.29
165	7.32	0.90	210201	48	104.42
165	7.42	0.91	210512	48	104.42
165	7.39	0.91	211078	48	104.47
165	7.42	0.91	210950	48	104.37
165	7.43	0.91	210957	48	104.37
166	7.25	0.91	211039	49	104.85
165	7.30	0.91	210977	48	104.46
165	7.33	0.90	210193	48	104.46
165	7.33	0.90	210357	48	104.37
165	7.25	0.90	210298	48	104.48
166	7.30	0.91	210498	49	104.44
166	7.23	0.90	210385	48	104.49
164	7.23	0.90	210329	48	104.41
165	7.29	0.91	210455	48	104.46
164	7.28	0.91	210623	48	104.31
165	7.27	0.90	210517	48	104.48
165	7.27	0.90	210488	48	104.38
165	7.25	0.90	210333	49	104.44
165	7.37	0.90	210492	48	104.40
165	7.33	0.91	210440	49	104.42
165	7.25	0.90	210504	49	104.43
165	7.25	0.90	210367	48	104.49
166	7.28	0.90	210680	48	104.42
165	7.32	0.91	210570	48	104.32
165	7.31	0.90	210603	48	104.42
166	7.30	0.90	210353	48	104.50
165	7.25	0.90	210584	48	104.52
165	7.33	0.90	210615	48	104.43
165	7.27	0.90	210576	48	104.48
165	7.27	0.90	210344	48	104.51
166	7.27	0.90	210585	48	104.52
166	7.31	0.90	210601	48	104.46
165	7.25	0.90	210550	48	104.33
165	7.27	0.90	210135	48	104.41
166	7.30	0.90	210623	48	104.39
165	7.25	0.90	210388	48	104.41
165	7.28	0.91	210727	48	104.36
164	7.41	0.91	210833	48	104.32
165	7.41	0.90	210962	48	104.34
165	7.35	0.90	210530	48	104.27
165	7.35	0.90	210751	48	104.38
166	7.30	0.90	210273	48	104.46
165	7.35	0.91	210597	48	104.36
165	7.34	0.90	210517	48	104.43
165	7.33	0.90	210736	48	104.38
166	7.29	0.90	210279	48	104.39
166	7.33	0.90	210322	48	104.39
165	7.36	0.91	210560	48	104.39
165	7.39	0.90	210612	48	104.35
165	7.37	0.90	210409	48	104.33
165	7.35	0.90	210735	48	104.33
164	7.32	0.90	210695	48	104.35
165	7.30	0.91	210723	48	104.31
165	7.33	0.91	210334	48	104.32
163	7.32	0.91	210289	48	104.25
165	7.46	0.90	210400	48	104.32
165	7.47	0.90	210414	48	104.32
165	7.45	0.90	210039	48	104.36
164	7.45	0.90	210342	48	104.30
165	7.43	0.91	210346	48	104.29
165	7.44	0.91	210222	48	104.33
164	7.44	0.90	210076	48	104.31
165	7.45	0.91	210329	48	104.36
165	7.45	0.90	210482	48	104.32
165	7.46	0.90	210285	48	104.30
165	7.43	0.91	210045	48	104.18
165	7.44	0.91	210307	48	104.28
165	7.45	0.91	210144	48	104.30
165	7.43	0.90	210294	48	104.24
164	7.38	0.90	210274	48	104.21
165	7.43	0.90	210322	48	104.27
165	7.41	0.91	210081	48	104.36
166	7.30	0.90	210517	48	104.42
166	7.29	0.90	210388	48	104.42
167	7.34	0.89	210539	48	104.45
166	7.28	0.90	210613	48	104.49
166	7.28	0.90	210412	48	104.37
166	7.29	0.90	210532	48	104.49
166	7.29	0.90	210674	48	104.39
166	7.29	0.90	210448	48	104.48
166	7.31	0.90	210788	48	104.35
166	7.30	0.90	210527	48	104.39
166	7.27	0.90	210674	48	104.33
165	7.33	0.90	210373	48	104.33
165	7.42	0.90	210317	48	104.32
165	7.43	0.90	209879	48	104.23
165	7.42	0.90	210183	48	104.28
165	7.43	0.90	210274	48	104.32
165	7.43	0.91	210340	48	104.30
165	7.42	0.90	210062	48	104.28
165	7.44	0.91	210331	48	104.32
165	7.32	0.90	210331	48	104.46
165	7.27	0.91	210452	48	104.36
165	7.34	0.91	210297	48	104.38
165	7.32	0.90	210396	48	104.35
165	7.31	0.91	210451	48	104.43
166	7.25	0.91	211194	48	105.05
127	5.46	0.72	223294	48	103.71
126	5.44	0.71	223743	48	103.39
126	5.43	0.71	223893	48	103.39
126	5.46	0.71	223555	48	103.42
126	5.43	0.72	223815	48	103.43
136	5.95	0.78	219489	48	104.35
161	7.25	0.89	212249	48	104.22
164	7.59	0.91	210783	48	104.22
164	7.61	0.91	210732	48	104.28
169	7.88	0.92	13492	48	103.81
