Avg_MHz	Busy%	IPC	IRQ	PkgTmp	PkgWatt
161	6.92	0.89	211182	48	105.74
161	6.91	0.88	211417	48	105.30
161	6.88	0.89	211399	48	105.39
161	6.90	0.89	211983	48	105.36
160	6.93	0.89	212345	48	105.22
160	7.29	0.89	211205	48	104.22
160	7.32	0.89	211419	48	104.32
161	7.35	0.89	210969	48	104.28
161	7.36	0.89	210881	48	104.14
160	7.32	0.89	211014	48	104.17
160	7.31	0.89	211256	48	104.16
167	7.67	0.87	218644	48	104.49
170	7.80	0.87	220968	48	104.85
170	7.80	0.86	221263	48	104.80
170	7.81	0.87	221171	48	104.72
170	7.80	0.86	221355	48	104.86
169	7.75	0.86	221255	48	104.73
171	7.74	0.86	221137	48	104.82
171	7.75	0.86	221134	49	104.89
171	7.60	0.86	221273	49	104.93
173	7.62	0.86	221033	48	104.99
171	7.45	0.86	221249	48	104.95
172	7.67	0.86	221236	48	104.89
172	7.66	0.86	220863	48	104.95
171	7.64	0.86	221255	48	104.90
171	7.63	0.86	221210	48	104.87
170	7.58	0.86	221566	48	104.87
171	7.53	0.86	221387	48	104.86
172	7.58	0.85	221249	48	104.93
171	7.57	0.86	221187	49	104.90
171	7.57	0.86	221267	48	104.84
172	7.65	0.86	221122	48	104.98
162	7.20	0.88	210858	48	104.42
162	7.21	0.88	210520	48	104.29
162	7.21	0.89	210982	48	104.37
164	7.33	0.88	210418	48	104.54
161	7.11	0.88	211712	48	104.26
162	7.12	0.88	211287	48	104.45
162	7.22	0.89	210974	48	104.47
161	7.07	0.88	211157	48	104.43
161	7.18	0.89	211507	48	104.45
162	7.30	0.89	211439	48	104.31
161	7.24	0.89	212174	48	104.47
161	7.25	0.89	211549	48	104.33
160	7.24	0.89	211982	48	104.27
161	7.23	0.89	212059	48	104.16
161	7.27	0.89	211749	48	104.46
160	7.32	0.89	211323	48	104.21
160	7.32	0.90	211624	48	104.18
161	7.24	0.89	211640	48	104.24
161	7.23	0.89	211958	48	104.25
162	7.29	0.89	211740	48	104.29
160	7.22	0.89	211844	48	104.22
160	7.19	0.89	212085	48	104.19
161	7.26	0.89	211865	48	104.33
161	7.23	0.89	211477	48	104.31
161	7.25	0.89	211931	48	104.20
160	7.22	0.89	212103	48	104.42
160	7.22	0.89	212215	48	104.29
162	7.28	0.89	211534	48	104.32
161	7.29	0.89	211755	48	104.36
162	7.35	0.89	211042	48	104.34
161	7.28	0.89	211609	48	104.29
160	7.29	0.89	211319	48	104.21
159	7.26	0.89	211839	48	104.32
161	7.21	0.89	211103	48	104.26
162	7.21	0.89	211331	48	104.29
162	7.13	0.88	210915	48	104.44
161	7.06	0.88	211164	48	104.28
162	7.17	0.88	211038	48	104.28
161	7.14	0.88	211439	48	104.37
162	7.16	0.88	211056	48	104.47
161	7.12	0.88	211145	48	104.29
162	7.13	0.89	210551	48	104.43
161	7.07	0.89	210744	48	104.41
160	7.09	0.89	211043	48	104.25
161	7.15	0.89	210690	48	104.32
161	7.15	0.88	211069	48	104.29
160	7.26	0.89	211553	48	104.31
161	7.17	0.89	210890	48	104.31
161	7.15	0.88	211088	48	104.37
162	7.18	0.89	210631	48	104.26
160	7.09	0.89	211110	48	104.26
161	7.14	0.89	210859	48	104.23
161	7.14	0.89	210663	48	104.22
162	7.19	0.89	210957	48	104.28
161	7.22	0.89	211340	48	104.23
160	7.19	0.89	211238	48	104.29
162	7.17	0.89	211197	48	104.31
162	7.17	0.89	210867	48	104.26
160	7.23	0.89	211534	48	104.26
162	7.06	0.88	211376	48	104.36
162	7.12	0.88	211291	48	104.31
162	7.24	0.89	211382	48	104.36
161	7.28	0.89	211830	48	104.36
162	7.17	0.88	211074	48	104.40
162	7.15	0.88	211532	48	104.39
161	7.13	0.88	210905	48	104.27
162	7.14	0.88	210993	48	104.39
161	7.11	0.88	211130	48	104.31
162	7.14	0.88	210816	48	104.36
162	7.15	0.88	211223	48	104.41
161	7.13	0.88	211015	48	104.33
161	7.12	0.88	210866	48	104.32
162	7.17	0.89	211098	48	104.37
162	7.14	0.89	210856	48	104.33
162	7.13	0.89	211095	48	104.28
162	7.17	0.89	210497	48	104.32
163	7.16	0.88	210916	48	104.37
161	7.13	0.88	211384	48	104.37
161	7.28	0.89	210762	48	104.16
160	7.18	0.88	210863	48	104.14
161	7.13	0.89	210880	48	104.25
161	7.23	0.88	211119	48	104.36
160	7.28	0.88	210976	48	104.18
161	7.32	0.88	210470	48	104.23
161	7.33	0.88	210850	48	104.19
162	7.32	0.88	210839	48	104.17
162	7.20	0.88	210920	48	104.35
162	7.17	0.88	211112	48	104.44
162	7.19	0.88	210887	48	104.41
161	7.21	0.88	210971	49	104.29
160	7.30	0.88	210636	48	104.28
160	7.21	0.88	211173	48	104.28
161	7.20	0.89	211030	48	104.35
161	7.13	0.88	210854	48	104.34
160	7.20	0.88	210886	48	104.21
161	7.28	0.89	210789	49	104.26
161	7.27	0.89	210762	48	104.24
161	7.15	0.89	210936	48	104.32
161	7.25	0.89	210714	49	104.28
161	7.16	0.89	210992	48	104.28
161	7.24	0.89	211035	48	104.20
161	7.24	0.89	210814	49	104.29
161	7.23	0.89	210987	48	104.28
162	7.17	0.89	210608	48	104.35
160	7.21	0.89	210887	48	104.23
162	7.15	0.89	210868	48	104.36
160	7.25	0.89	210766	48	104.18
161	7.15	0.89	210726	48	104.25
161	7.10	0.88	211514	48	104.32
161	7.17	0.89	211052	48	104.23
161	7.27	0.89	210608	48	104.28
161	7.25	0.89	210614	48	104.19
161	7.23	0.89	210867	48	104.26
161	7.23	0.89	210815	48	104.29
161	7.17	0.89	210827	48	104.22
161	7.23	0.89	210592	48	104.32
160	7.25	0.89	211067	48	104.18
160	7.20	0.88	211274	48	104.12
160	7.20	0.88	211226	48	104.19
161	7.27	0.88	210933	48	104.19
160	7.30	0.88	211395	48	104.18
161	7.26	0.89	210849	48	104.31
162	7.28	0.89	210807	48	104.24
161	7.22	0.89	210843	48	104.24
160	7.36	0.89	211811	48	104.11
160	7.20	0.89	210806	48	104.10
161	7.23	0.89	210865	48	104.25
161	7.22	0.88	210804	48	104.17
161	7.12	0.89	211050	48	104.27
161	7.04	0.89	211205	48	104.33
161	7.05	0.89	210878	48	104.35
161	7.09	0.89	211258	48	104.31
160	7.18	0.89	211800	48	104.24
161	7.22	0.89	211344	48	104.29
160	7.21	0.89	211383	48	104.24
161	7.22	0.89	211166	48	104.28
161	7.22	0.89	211475	48	104.30
160	7.19	0.89	211684	48	104.27
160	7.18	0.89	211431	48	104.27
161	7.22	0.89	211627	48	104.33
160	7.19	0.89	211797	48	104.18
160	7.20	0.89	211250	48	104.25
160	7.18	0.89	211664	48	104.34
161	7.20	0.89	211455	48	104.29
160	7.19	0.89	211364	48	104.30
160	7.01	0.89	212049	48	104.63
162	7.03	0.89	211237	48	104.57
162	7.13	0.88	210601	48	104.30
160	7.03	0.88	211411	48	104.27
162	7.12	0.89	211023	48	104.38
161	7.08	0.88	211234	48	104.31
161	7.07	0.89	211120	48	104.34
161	7.04	0.88	211108	48	104.32
161	7.03	0.88	211142	48	104.40
161	7.06	0.88	211398	48	104.30
162	7.11	0.88	210827	48	104.34
163	7.11	0.89	211097	48	104.36
162	7.07	0.88	210804	48	104.29
161	7.07	0.88	211305	48	104.27
161	7.04	0.88	211002	48	104.33
160	7.00	0.88	211425	48	104.31
163	7.11	0.88	210934	48	104.37
162	7.09	0.88	211517	48	104.38
161	7.19	0.88	211197	48	104.31
161	7.26	0.89	210916	49	104.21
162	7.31	0.88	211054	48	104.28
161	7.23	0.88	211238	48	104.21
161	7.13	0.88	211367	48	104.23
161	7.19	0.88	211325	48	104.18
160	7.19	0.89	210800	48	104.26
161	7.24	0.89	211061	48	104.26
161	7.23	0.89	210808	48	104.23
159	7.31	0.89	211653	48	104.11
162	7.30	0.89	210729	49	104.31
160	7.17	0.89	211343	48	104.24
160	7.31	0.89	211318	49	104.18
161	7.23	0.89	211102	48	104.28
161	7.24	0.89	210481	48	104.23
160	7.18	0.89	211008	48	104.16
162	7.30	0.89	210720	48	104.29
162	7.31	0.89	210948	48	104.31
161	7.28	0.88	210811	49	104.23
162	7.34	0.89	210735	48	104.32
162	7.33	0.88	210935	48	104.33
162	7.22	0.88	211206	49	104.41
162	7.12	0.88	211596	48	104.36
161	7.18	0.88	211387	48	104.38
162	7.13	0.88	211567	48	104.35
163	7.17	0.88	211235	48	104.40
162	7.15	0.88	211180	48	104.36
163	7.16	0.88	211361	48	104.35
162	7.23	0.89	211046	48	104.33
161	7.24	0.88	211375	48	104.30
160	7.29	0.89	211307	48	104.24
161	7.27	0.89	211245	48	104.28
161	7.26	0.89	210970	48	104.21
163	7.34	0.90	210625	48	104.30
162	7.32	0.89	210582	48	104.34
161	7.11	0.88	211218	48	104.32
161	7.06	0.89	210977	48	104.35
161	7.08	0.89	211142	48	104.41
171	7.34	0.90	212587	48	106.29
162	6.77	0.88	211814	48	105.30
161	6.82	0.88	211636	48	105.03
161	6.93	0.88	211661	48	104.98
162	6.98	0.88	211169	48	105.09
162	7.07	0.88	211124	48	104.93
161	7.16	0.89	211053	48	104.36
161	7.08	0.88	211375	48	104.41
161	7.13	0.88	211257	48	104.44
162	7.21	0.89	211106	48	104.38
161	7.15	0.89	211169	48	104.40
161	7.18	0.89	210617	48	104.33
161	7.18	0.89	210811	49	104.33
161	7.14	0.89	210955	48	104.33
161	7.13	0.89	210735	49	104.36
161	7.15	0.89	210968	48	104.41
161	7.20	0.88	210842	48	104.40
161	7.18	0.89	210921	48	104.36
162	7.23	0.89	210705	48	104.41
161	7.17	0.88	211158	48	104.39
162	7.21	0.88	210533	48	104.38
162	7.18	0.89	210533	49	104.42
160	7.08	0.89	211048	48	104.33
161	7.12	0.89	210925	48	104.32
161	7.11	0.89	210790	48	104.40
161	7.10	0.89	211230	48	104.39
160	7.09	0.89	210999	48	104.35
161	7.15	0.89	210719	48	104.41
160	7.11	0.89	211180	48	104.33
163	7.26	0.89	210709	48	104.36
162	7.22	0.88	210820	48	104.39
162	7.21	0.89	211112	48	104.35
161	7.11	0.89	210716	48	104.37
161	7.18	0.88	211228	48	104.37
161	7.15	0.89	210940	48	104.30
161	7.13	0.89	211000	48	104.31
160	7.08	0.89	211088	48	104.37
161	7.14	0.89	211164	48	104.35
160	7.11	0.89	211209	48	104.25
161	7.14	0.89	210837	48	104.36
161	7.13	0.89	211100	48	104.38
160	7.11	0.89	211308	48	104.30
161	7.15	0.89	210998	48	104.35
162	7.17	0.89	210732	48	104.42
162	7.15	0.89	211033	48	104.35
161	7.00	0.88	211440	48	104.40
161	7.04	0.88	211381	48	104.36
162	7.12	0.88	210702	48	104.37
163	7.16	0.89	210810	48	104.41
162	7.14	0.88	211251	48	104.31
163	7.21	0.88	210875	48	104.48
161	7.29	0.89	211640	48	104.39
161	7.12	0.88	211497	48	104.33
162	7.15	0.88	211283	49	104.39
162	7.12	0.89	211328	48	104.29
160	7.19	0.89	211325	48	104.27
161	7.08	0.89	210903	48	104.43
161	7.25	0.89	211077	49	104.30
161	7.11	0.89	210981	48	104.34
161	7.25	0.89	210817	48	104.26
160	7.22	0.89	211062	48	104.22
161	7.13	0.89	211118	48	104.32
160	7.20	0.89	211065	48	104.22
161	7.23	0.89	210838	48	104.28
161	7.19	0.89	210830	48	104.37
161	7.10	0.88	211296	48	104.33
162	7.18	0.89	211308	48	104.37
161	7.22	0.89	211312	48	104.43
161	7.11	0.88	211249	48	104.35
162	7.17	0.88	210973	48	104.37
162	7.04	0.88	211600	48	104.48
162	7.12	0.88	211191	48	104.37
161	7.12	0.88	211245	48	104.32
161	7.06	0.88	211459	48	104.33
161	7.07	0.89	210824	48	104.35
161	7.19	0.88	211209	48	104.35
161	7.15	0.89	211344	48	104.32
163	7.17	0.88	211037	48	104.38
161	7.15	0.88	211445	48	104.32
161	7.08	0.89	211179	48	104.37
161	7.05	0.88	211194	48	104.36
161	7.04	0.89	211494	48	104.36
162	7.08	0.89	211037	48	104.36
161	7.12	0.89	211353	48	104.34
161	7.11	0.89	211359	48	104.40
161	7.03	0.88	211617	48	104.36
161	7.13	0.89	211514	48	104.42
161	7.11	0.89	211287	48	104.31
161	7.05	0.88	211481	48	104.41
160	7.12	0.89	211593	48	104.36
161	7.12	0.89	211032	48	104.32
160	7.08	0.88	211447	49	104.40
161	7.10	0.89	211251	48	104.29
161	7.09	0.89	211279	48	104.35
159	7.04	0.89	211418	48	104.37
161	7.08	0.89	211434	48	104.41
161	7.11	0.89	210979	48	104.43
160	7.07	0.89	211419	48	104.35
161	7.10	0.89	211043	48	104.29
161	7.10	0.89	211084	48	104.37
161	7.10	0.89	211095	48	104.38
160	7.07	0.89	211350	48	104.29
161	7.12	0.89	211088	48	104.27
162	7.18	0.89	211137	48	104.28
161	7.15	0.88	211261	48	104.36
162	7.18	0.89	210991	48	104.40
160	7.08	0.88	211313	48	104.37
161	7.14	0.89	211229	48	104.45
162	7.19	0.89	211156	48	104.45
161	7.25	0.89	211866	48	104.39
162	7.20	0.88	210943	48	104.37
162	7.21	0.88	211141	48	104.40
162	7.20	0.88	211042	48	104.40
161	7.25	0.89	211934	48	104.33
161	7.16	0.88	210964	48	104.41
161	7.17	0.88	211305	48	104.40
161	7.16	0.88	211183	48	104.40
162	7.21	0.88	211345	48	104.44
162	7.31	0.90	211062	48	104.40
159	7.05	0.88	211572	48	104.22
161	7.18	0.89	211092	48	104.37
162	7.19	0.89	211135	48	104.35
162	7.15	0.89	211001	48	104.51
162	7.20	0.88	210835	48	104.41
161	7.10	0.89	211291	48	104.36
161	7.19	0.89	211668	48	104.38
162	7.19	0.89	210753	48	104.37
161	7.16	0.88	211476	48	104.36
161	7.15	0.88	211312	48	104.36
161	7.17	0.88	211332	48	104.45
161	7.15	0.88	211015	48	104.37
161	7.22	0.89	211710	48	104.37
162	7.19	0.88	211255	48	104.32
162	7.17	0.88	210895	48	104.39
162	7.11	0.89	210840	48	104.45
162	7.11	0.88	211238	48	104.37
162	7.11	0.88	211087	48	104.51
162	7.13	0.89	211140	48	104.37
162	7.11	0.88	211005	48	104.41
162	7.11	0.89	211042	48	104.41
162	7.14	0.89	210934	48	104.41
162	7.11	0.88	211292	48	104.45
162	7.15	0.88	210786	48	104.36
161	7.25	0.89	210658	48	104.45
159	7.17	0.89	210989	48	104.22
161	7.30	0.88	210916	48	104.33
162	7.33	0.89	210686	48	104.34
160	7.33	0.89	211175	48	104.34
160	7.33	0.89	211230	48	104.25
161	7.36	0.89	211176	49	104.39
160	7.31	0.89	210643	48	104.25
160	7.36	0.89	211344	48	104.32
161	7.39	0.89	210820	48	104.31
160	7.36	0.89	211096	48	104.21
161	7.25	0.89	211035	48	104.38
162	7.17	0.89	211207	48	104.41
162	7.21	0.88	211068	48	104.40
160	7.13	0.88	211655	48	104.32
161	7.16	0.89	211229	48	104.42
161	7.18	0.88	211203	48	104.50
162	7.21	0.89	211315	48	104.43
161	7.12	0.88	211575	48	104.44
161	7.15	0.89	211040	48	104.34
161	7.16	0.89	211430	48	104.38
161	7.15	0.88	211383	48	104.32
160	7.18	0.89	211611	48	104.36
160	7.20	0.89	211763	48	104.33
161	7.14	0.89	211538	48	104.37
161	7.10	0.89	211084	48	104.31
161	7.11	0.89	211343	48	104.32
161	7.13	0.89	211093	48	104.43
162	7.15	0.89	210986	48	104.31
160	7.09	0.89	211158	48	104.38
161	7.17	0.89	211208	48	104.40
160	7.20	0.89	211472	48	104.34
161	7.13	0.89	211353	48	104.49
160	7.09	0.89	210986	48	104.39
161	7.13	0.89	211090	48	104.43
161	7.12	0.89	210975	48	104.50
161	7.13	0.89	211211	48	104.44
161	7.05	0.88	211571	48	104.46
162	6.97	0.88	211545	48	104.95
162	6.84	0.88	211680	48	105.36
162	7.02	0.88	211495	48	104.87
161	7.24	0.88	211062	48	104.39
162	7.33	0.88	210886	48	104.22
160	7.34	0.89	210930	48	104.25
161	7.35	0.89	211161	48	104.27
161	7.33	0.89	211051	48	104.31
161	7.22	0.89	210921	48	104.36
160	7.28	0.89	211023	48	104.20
161	7.35	0.89	211269	48	104.34
161	7.26	0.89	210989	48	104.34
161	7.13	0.89	211249	48	104.30
162	7.30	0.89	210711	48	104.36
160	7.14	0.88	211397	48	104.36
162	7.16	0.88	211183	48	104.47
161	7.18	0.89	211095	48	104.43
161	7.16	0.88	211116	48	104.40
162	7.12	0.88	211352	48	104.36
162	7.15	0.88	211269	48	104.41
162	7.10	0.89	210966	48	104.46
162	7.16	0.89	210976	48	104.43
160	7.09	0.89	211711	48	104.28
161	7.14	0.89	211492	48	104.34
161	7.17	0.89	211156	48	104.39
161	7.11	0.89	211344	48	104.41
162	7.18	0.89	211249	48	104.41
160	7.15	0.89	211240	49	104.25
160	7.29	0.89	211045	48	104.26
161	7.34	0.89	210906	48	104.36
160	7.28	0.89	210951	48	104.26
160	7.27	0.89	211365	48	104.25
161	7.32	0.90	210683	48	104.33
161	7.16	0.89	211072	48	104.37
162	7.17	0.89	211457	48	104.40
162	7.17	0.89	211335	48	104.42
162	7.16	0.89	211302	48	104.45
161	7.16	0.89	211124	48	104.45
160	7.09	0.89	211358	48	104.41
161	7.17	0.89	211524	48	104.45
161	7.06	0.89	211325	48	104.39
160	7.26	0.89	210962	48	104.30
160	7.10	0.89	211496	48	104.37
161	7.15	0.89	211138	48	104.45
159	7.22	0.89	211316	48	104.27
162	7.17	0.89	211445	48	104.41
161	7.15	0.88	211466	48	104.45
162	7.18	0.89	211088	48	104.40
162	7.20	0.89	211154	48	104.42
161	7.13	0.88	211339	48	104.36
161	7.14	0.88	211573	48	104.32
161	7.15	0.88	211379	48	104.29
161	7.15	0.88	211567	48	104.35
162	7.21	0.89	211209	48	104.48
161	7.11	0.88	211443	48	104.39
162	7.17	0.89	211346	48	104.41
162	7.17	0.89	211267	48	104.42
161	7.15	0.88	211430	49	104.41
161	7.15	0.89	211537	48	104.43
161	7.14	0.89	211225	48	104.50
161	7.13	0.89	211335	48	104.41
161	7.12	0.89	211384	49	104.41
162	7.17	0.89	211315	48	104.40
162	7.19	0.88	210861	48	104.43
161	7.14	0.88	211202	48	104.47
161	7.15	0.89	211177	48	104.45
161	7.14	0.88	211567	49	104.45
161	7.14	0.88	211316	48	104.49
161	7.18	0.88	211467	48	104.45
162	7.13	0.89	211049	48	104.47
161	7.12	0.89	211381	48	104.45
161	7.14	0.88	211078	48	104.48
160	7.10	0.89	211463	48	104.39
161	7.08	0.89	211210	48	104.46
161	7.13	0.89	211402	48	104.37
160	7.21	0.89	211869	48	104.24
161	7.13	0.89	211485	48	104.45
161	7.09	0.89	211369	48	104.46
161	7.11	0.89	211284	48	104.47
160	7.18	0.89	211680	48	104.38
161	7.12	0.89	211594	49	104.49
160	7.07	0.89	211455	48	104.35
161	7.09	0.89	211594	49	104.44
162	7.16	0.89	211077	48	104.44
162	7.16	0.89	211203	48	104.39
161	7.14	0.89	211185	49	104.39
161	7.14	0.89	211303	48	104.38
161	7.14	0.88	211313	48	104.27
162	7.15	0.89	211187	48	104.47
161	7.17	0.89	211183	48	104.38
162	7.18	0.89	211276	48	104.27
161	7.16	0.88	211198	49	104.26
162	7.22	0.89	211236	48	104.38
161	7.23	0.89	211258	48	104.32
161	7.34	0.89	211382	48	104.22
160	7.30	0.89	211044	49	104.31
160	7.30	0.89	210894	48	104.26
160	7.29	0.89	211187	48	104.19
160	7.27	0.89	211119	48	104.33
161	7.32	0.90	210899	48	104.32
160	7.30	0.89	211090	48	104.30
159	7.25	0.89	211098	48	104.19
161	7.24	0.89	211021	48	104.44
160	7.29	0.89	210834	48	104.20
159	7.25	0.89	211349	48	104.21
161	7.32	0.90	210774	48	104.31
161	7.24	0.89	210940	48	104.26
161	7.25	0.89	210899	48	104.36
160	7.19	0.89	211154	48	104.24
160	7.20	0.89	210892	48	104.20
161	7.25	0.89	211015	48	104.23
160	7.26	0.89	210893	48	104.28
161	7.28	0.89	211132	48	104.29
160	7.26	0.89	211057	48	104.19
161	7.35	0.89	211196	48	104.29
161	7.26	0.89	211088	48	104.20
161	7.31	0.89	211056	48	104.17
162	7.35	0.89	210834	48	104.40
161	7.27	0.89	210893	48	104.35
160	7.26	0.89	210736	48	104.26
162	7.10	0.89	211388	48	104.40
161	7.28	0.89	210810	48	104.24
159	7.18	0.89	211296	48	104.28
162	7.23	0.89	211509	48	104.40
161	7.14	0.88	211755	48	104.22
162	7.19	0.89	211184	49	104.47
161	7.15	0.88	211409	48	104.38
161	7.16	0.89	211308	48	104.37
162	7.17	0.89	211134	48	104.37
161	7.16	0.89	211205	48	104.26
160	7.15	0.89	212006	48	104.36
161	7.18	0.89	211208	48	104.43
161	7.14	0.88	211473	48	104.31
163	7.19	0.88	211394	48	104.40
162	7.15	0.88	211237	48	104.35
163	7.19	0.88	210982	48	104.41
162	7.21	0.88	211159	48	104.39
160	7.18	0.89	212010	48	104.33
161	7.17	0.89	211533	48	104.38
162	7.17	0.89	211191	48	104.31
162	7.18	0.89	211443	48	104.38
161	7.23	0.89	211819	48	104.32
163	7.19	0.88	211122	48	104.38
160	7.12	0.88	211657	48	104.30
163	7.19	0.88	211338	48	104.35
162	7.16	0.88	211124	48	104.26
162	7.12	0.88	211674	48	104.34
161	7.11	0.88	211360	48	104.36
161	7.15	0.89	211324	48	104.31
161	7.12	0.89	211473	48	104.20
162	7.16	0.89	211217	48	104.36
161	7.13	0.88	211105	48	104.34
161	7.14	0.88	211514	48	104.28
161	7.17	0.89	211173	48	104.33
161	7.29	0.90	211109	48	104.27
161	7.30	0.89	210646	48	104.20
161	7.24	0.89	211169	49	104.24
162	7.30	0.89	210738	48	104.31
161	7.27	0.89	210940	48	104.29
161	7.28	0.89	210849	48	104.17
162	7.08	0.88	211164	48	104.32
161	7.12	0.89	211165	48	104.36
162	7.16	0.89	211500	48	104.45
161	7.37	0.89	210787	48	104.22
160	7.22	0.89	211535	48	104.18
161	7.29	0.89	211210	48	104.28
161	7.14	0.89	211506	48	104.29
160	7.25	0.89	210996	48	104.27
161	7.30	0.89	211100	48	104.23
161	7.29	0.89	211024	48	104.25
160	7.33	0.89	210999	48	104.26
161	7.43	0.90	211386	48	104.30
161	7.36	0.89	210982	48	104.22
161	7.35	0.89	211197	48	104.28
161	7.29	0.89	211231	48	104.29
161	7.25	0.89	211221	48	104.26
160	7.24	0.89	211336	48	104.23
161	7.27	0.89	211306	48	104.29
162	7.02	0.89	211419	48	105.15
162	6.91	0.88	211963	48	105.40
162	6.94	0.88	211767	48	105.38
162	6.81	0.88	211994	48	105.33
162	6.83	0.88	212000	48	105.44
161	6.88	0.88	211686	48	105.41
163	6.93	0.89	211732	48	105.34
162	6.89	0.88	211601	48	105.37
162	6.90	0.88	211521	48	105.33
162	6.89	0.88	211849	48	105.37
162	6.70	0.88	212202	48	105.49
162	6.87	0.89	211570	48	105.35
162	6.87	0.89	211764	49	105.36
162	6.90	0.88	211551	48	105.32
161	6.85	0.88	212015	48	105.34
162	6.78	0.88	212004	48	105.41
162	6.89	0.88	211785	48	105.31
162	6.91	0.88	211593	48	105.43
162	6.92	0.88	211705	48	105.26
161	6.87	0.88	211900	49	105.31
161	6.86	0.88	211915	48	105.36
161	7.14	0.89	211751	48	104.41
161	7.30	0.89	211584	48	104.28
160	7.42	0.89	211696	48	104.21
159	7.37	0.89	211518	48	104.20
161	7.26	0.89	211268	48	104.23
161	7.38	0.89	211399	48	104.21
161	7.36	0.89	210892	48	104.25
160	7.33	0.89	211183	48	104.30
160	7.10	0.88	211814	48	104.31
160	7.28	0.89	211159	48	104.26
161	7.24	0.89	211066	48	104.30
161	7.12	0.89	211567	48	104.35
160	7.05	0.89	211413	48	104.35
161	7.13	0.89	211594	48	104.33
161	7.12	0.89	211407	48	104.24
161	7.16	0.89	211667	48	104.37
162	7.18	0.89	211442	48	104.29
161	7.14	0.88	211853	48	104.30
161	7.12	0.89	211752	48	104.28
161	7.14	0.89	211426	48	104.26
161	7.16	0.88	211748	48	104.35
161	7.16	0.88	211614	48	104.30
161	7.18	0.88	211262	48	104.30
160	7.13	0.88	211778	48	104.26
161	7.17	0.88	211550	48	104.33
162	7.22	0.89	211286	48	104.39
161	7.18	0.88	211398	48	104.34
162	7.18	0.89	211307	48	104.23
162	7.21	0.89	211329	48	104.37
161	7.16	0.88	211775	48	104.31
161	7.12	0.89	211370	48	104.40
163	7.08	0.88	212150	48	105.00
162	7.21	0.89	211108	48	104.53
161	7.15	0.88	211787	48	104.34
160	7.28	0.89	211258	49	104.24
161	7.32	0.89	211342	49	104.22
160	7.31	0.89	211607	48	104.23
161	7.36	0.89	211144	48	104.23
161	7.35	0.89	211183	48	104.30
159	7.26	0.89	211433	48	104.09
159	7.26	0.89	211558	48	104.22
160	7.19	0.89	211666	48	104.45
160	7.14	0.89	211570	48	104.46
160	7.31	0.89	211398	48	104.22
162	7.37	0.89	211070	48	104.23
160	7.28	0.89	211670	48	104.18
160	7.32	0.89	211066	48	104.22
160	7.29	0.89	211201	48	104.21
160	7.30	0.89	211270	48	104.22
159	7.25	0.89	211503	48	104.22
161	7.21	0.89	211015	48	104.26
162	7.14	0.88	211403	48	104.36
162	7.10	0.89	211355	49	104.27
162	7.11	0.89	211274	48	104.39
161	7.16	0.89	211258	48	104.31
160	7.06	0.88	211360	48	104.21
161	7.11	0.88	211332	48	104.25
162	7.10	0.89	211498	49	104.25
161	7.08	0.88	211538	48	104.20
161	7.08	0.88	211628	48	104.31
161	7.07	0.89	211445	48	104.31
162	7.06	0.89	211392	48	104.37
162	7.08	0.89	211332	48	104.39
161	7.05	0.88	211206	48	104.23
162	7.12	0.89	211606	48	104.34
161	7.32	0.89	211330	48	104.17
160	7.33	0.88	211447	48	104.19
161	7.39	0.89	211302	48	104.21
162	7.41	0.89	211132	48	104.24
160	7.31	0.89	211356	48	104.17
160	7.28	0.88	211112	48	104.22
159	7.27	0.89	211640	48	104.16
160	7.30	0.89	211376	48	104.14
160	7.33	0.89	211580	48	104.10
161	7.29	0.89	211017	48	104.17
160	7.28	0.89	211414	48	104.14
162	7.40	0.89	211018	48	104.26
160	7.33	0.89	211455	48	104.22
160	7.32	0.89	211269	48	104.14
161	7.36	0.89	211178	48	104.27
161	7.38	0.89	211249	48	104.29
161	7.36	0.90	211091	48	104.26
160	7.28	0.89	211115	48	104.17
160	7.27	0.89	211764	48	104.26
160	7.28	0.89	211480	48	104.30
160	7.29	0.89	211414	48	104.29
160	7.30	0.89	211292	48	104.25
160	7.30	0.89	211520	48	104.21
160	7.31	0.89	211390	48	104.22
161	7.33	0.89	211593	48	104.30
161	7.39	0.89	211146	48	104.31
161	7.34	0.89	211165	48	104.29
160	7.29	0.89	211275	48	104.22
161	7.34	0.89	211433	48	104.25
159	7.37	0.89	211936	48	104.26
161	7.33	0.89	211170	48	104.29
160	7.27	0.89	211446	48	104.18
159	7.25	0.89	211722	48	104.22
160	7.28	0.89	211311	48	104.15
161	7.31	0.89	211196	48	104.22
160	7.27	0.89	211376	48	104.20
159	7.22	0.89	211451	48	104.19
162	7.23	0.88	211083	48	104.22
161	7.20	0.89	211539	48	104.22
161	7.20	0.88	211457	48	104.24
162	7.21	0.89	211307	48	104.28
162	7.14	0.89	211315	48	104.25
162	7.13	0.88	211546	48	104.29
162	7.13	0.89	211160	48	104.33
162	7.14	0.88	211510	48	104.34
162	7.16	0.88	211292	48	104.31
162	7.15	0.88	211326	48	104.31
162	7.02	0.88	211852	48	104.42
161	7.10	0.88	211366	48	104.30
162	7.10	0.88	211458	48	104.19
161	7.22	0.89	211377	48	104.33
161	7.33	0.88	211519	48	104.21
161	7.30	0.88	211510	48	104.15
160	7.21	0.88	211530	48	104.28
160	7.22	0.89	211267	48	104.20
161	7.33	0.89	211863	48	104.25
161	7.17	0.88	211993	48	104.29
162	7.05	0.87	211284	48	104.32
163	7.12	0.88	211519	48	104.39
161	7.12	0.89	212105	48	104.25
163	7.14	0.89	211246	48	104.40
162	7.09	0.89	211253	48	104.29
162	7.08	0.88	211438	48	104.33
161	7.09	0.88	211938	49	104.34
161	7.27	0.88	211263	48	104.17
161	7.30	0.89	211346	48	104.31
161	7.27	0.89	211504	48	104.26
160	7.24	0.89	211305	48	104.25
161	7.27	0.89	211124	48	104.20
161	7.27	0.89	211250	48	104.20
160	7.23	0.89	211273	48	104.22
160	7.28	0.89	211446	48	104.23
161	7.24	0.89	211225	48	104.24
162	7.27	0.89	211053	48	104.23
160	7.20	0.89	211320	48	104.18
161	7.24	0.89	211271	48	104.24
161	7.26	0.89	211552	48	104.25
160	7.29	0.89	211484	48	104.28
162	7.29	0.89	211201	48	104.33
160	7.34	0.89	211832	48	104.14
161	7.21	0.89	211443	48	104.26
161	7.27	0.88	211344	48	104.20
160	7.23	0.89	211618	48	104.25
161	7.31	0.89	211238	48	104.26
160	7.43	0.89	211883	48	104.16
160	7.34	0.89	211864	48	104.29
162	7.32	0.89	211827	48	104.28
160	7.21	0.89	212002	48	104.19
160	7.20	0.89	211970	48	104.21
161	7.10	0.89	211937	48	104.37
160	7.21	0.89	212156	48	104.28
160	7.14	0.89	212079	48	104.40
161	6.84	0.89	212213	48	105.35
161	6.76	0.88	212197	49	105.27
162	6.79	0.89	212222	48	105.37
161	6.77	0.88	212255	49	105.42
161	6.77	0.88	212134	48	105.29
162	6.79	0.89	212071	48	105.36
162	6.82	0.88	212104	49	105.28
161	6.85	0.88	212030	48	105.31
162	6.90	0.89	211870	48	105.30
161	6.85	0.88	211854	48	105.24
162	6.88	0.88	211837	49	105.26
163	6.92	0.88	211788	48	105.33
160	6.81	0.88	212326	49	105.25
162	6.88	0.88	211828	48	105.36
161	6.87	0.88	211858	48	105.35
162	6.86	0.88	212260	48	105.39
162	6.90	0.88	211973	48	105.41
161	6.76	0.88	212346	49	105.36
161	7.15	0.89	211526	48	104.42
161	7.19	0.89	211475	48	104.35
161	7.19	0.89	211234	48	104.34
161	7.16	0.89	211289	48	104.28
162	7.21	0.88	211199	48	104.25
162	7.21	0.88	210993	48	104.23
160	7.14	0.88	211444	48	104.29
161	7.19	0.89	211014	48	104.37
161	7.15	0.89	211352	48	104.32
162	7.24	0.89	211053	48	104.26
161	7.19	0.88	211496	48	104.28
161	7.14	0.89	211431	48	104.30
161	7.14	0.88	211692	48	104.30
160	7.10	0.89	211457	48	104.29
161	7.16	0.89	211316	48	104.26
162	7.24	0.88	211195	48	104.26
161	7.17	0.89	211464	48	104.25
162	7.19	0.88	211159	48	104.36
161	7.14	0.89	211055	48	104.28
160	7.11	0.89	211425	48	104.21
161	7.17	0.89	211373	48	104.30
160	7.11	0.89	211619	48	104.22
161	7.14	0.89	211303	48	104.35
161	7.14	0.89	211189	48	104.19
161	7.22	0.89	211606	48	104.21
161	7.23	0.89	211267	48	104.33
161	7.17	0.88	211272	48	104.35
161	7.18	0.88	211498	48	104.27
162	7.21	0.89	211252	48	104.30
162	6.99	0.89	211413	48	104.47
161	7.04	0.88	211742	49	104.37
161	7.13	0.88	211500	48	104.25
161	7.12	0.89	211581	48	104.31
161	7.22	0.89	211230	48	104.24
161	7.29	0.89	211158	48	104.26
161	7.28	0.89	211056	48	104.25
160	7.32	0.89	211441	48	104.26
161	7.35	0.89	211120	48	104.15
160	7.31	0.89	211193	48	104.19
160	7.27	0.89	211280	48	104.23
160	7.27	0.89	211226	48	104.14
160	7.03	0.89	211479	48	105.01
160	7.01	0.89	211527	48	105.13
160	7.00	0.88	211397	48	105.12
161	7.05	0.89	211522	48	105.24
160	7.02	0.89	211144	48	105.22
161	7.05	0.89	211364	48	105.19
161	7.30	0.89	211137	49	104.53
161	7.24	0.89	210915	48	104.22
161	7.24	0.88	210964	48	104.16
161	7.21	0.88	211228	48	104.27
161	7.13	0.88	211601	48	104.31
161	7.03	0.88	211370	48	104.28
161	7.23	0.89	211696	48	104.29
161	7.22	0.89	211303	48	104.29
160	7.27	0.89	211200	48	104.20
162	7.37	0.90	210829	48	104.25
163	7.40	0.90	210537	48	104.28
161	7.35	0.89	210965	48	104.16
161	7.34	0.89	211353	48	104.22
161	7.31	0.88	211470	48	104.24
161	7.32	0.89	210884	48	104.13
161	7.32	0.89	211140	48	104.23
161	7.32	0.89	211067	48	104.20
160	7.25	0.89	211001	48	104.20
161	7.32	0.89	210729	48	104.21
161	7.36	0.89	211468	49	104.23
161	7.29	0.88	211599	48	104.19
162	7.18	0.88	211331	48	104.30
163	7.17	0.88	211048	49	104.22
162	7.15	0.88	211513	48	104.29
161	7.09	0.88	211420	48	104.22
162	7.13	0.88	211392	48	104.39
162	7.11	0.88	211173	48	104.36
161	7.04	0.88	211636	48	104.30
162	7.14	0.88	211315	48	104.28
161	7.10	0.88	211878	48	104.42
162	7.11	0.89	211064	48	104.25
162	7.12	0.88	211482	48	104.26
161	7.10	0.88	211367	48	104.23
162	7.17	0.88	211454	48	104.28
162	7.14	0.88	211358	48	104.30
162	7.16	0.89	211280	48	104.30
161	7.10	0.88	211539	48	104.29
162	7.16	0.89	211368	48	104.28
162	7.15	0.88	211382	48	104.21
162	7.13	0.88	211482	48	104.27
162	7.10	0.89	211127	48	104.29
161	7.03	0.88	211721	48	104.26
161	7.05	0.89	211410	48	104.22
161	7.08	0.89	211289	48	104.26
161	7.25	0.89	211208	48	104.20
161	7.27	0.89	211208	48	104.24
162	7.29	0.89	211129	48	104.16
161	7.23	0.89	211519	48	104.23
160	7.13	0.89	211494	48	104.14
160	7.15	0.88	212228	48	104.19
161	7.12	0.88	211618	48	104.18
162	7.14	0.88	211632	48	104.32
161	7.09	0.88	211497	48	104.23
162	7.13	0.88	211519	48	104.22
162	7.14	0.88	211141	48	104.29
162	7.13	0.89	211424	48	104.29
162	7.13	0.88	211052	48	104.29
162	7.11	0.88	211348	48	104.31
160	6.99	0.88	211814	48	104.26
162	7.08	0.89	211373	49	104.30
161	7.05	0.89	211203	48	104.19
161	7.03	0.89	211473	48	104.23
160	7.05	0.89	211503	48	104.28
161	7.18	0.89	211730	48	104.29
161	7.02	0.88	211296	49	104.35
161	7.05	0.89	211362	48	104.23
161	7.05	0.88	211238	49	104.32
160	7.13	0.89	211796	48	104.21
161	7.03	0.89	211128	48	104.20
162	7.09	0.89	211347	48	104.29
160	7.03	0.89	211527	48	104.25
161	7.03	0.88	211550	48	104.26
161	7.05	0.88	211274	48	104.23
162	7.07	0.88	211449	48	104.27
161	7.11	0.88	211462	48	104.22
162	7.16	0.89	211605	48	104.27
161	7.03	0.89	211551	48	104.28
162	7.11	0.88	211214	48	104.25
161	7.10	0.88	211733	48	104.29
161	7.27	0.89	211317	48	104.17
161	7.31	0.89	211410	48	104.17
160	7.23	0.89	211555	48	104.15
161	7.25	0.89	211048	48	104.19
161	7.15	0.88	211751	48	104.23
161	7.16	0.88	211338	48	104.21
161	7.26	0.89	211203	48	104.19
161	7.15	0.88	211813	48	104.35
162	7.13	0.89	211423	48	104.35
163	7.19	0.88	210989	48	104.31
161	7.10	0.89	211217	48	104.28
162	7.14	0.88	211331	48	104.31
162	7.15	0.88	211295	48	104.40
162	7.15	0.88	211450	48	104.27
162	7.23	0.89	211403	48	104.26
161	7.31	0.88	211021	48	104.15
161	7.27	0.89	211177	48	104.25
160	7.30	0.89	211445	48	104.17
160	7.20	0.89	211436	48	104.23
160	7.30	0.89	211370	48	104.17
161	7.29	0.89	211380	48	104.15
161	7.25	0.89	211595	48	104.30
160	7.15	0.88	212034	48	104.20
162	7.15	0.88	211270	48	104.23
162	7.16	0.88	211283	48	104.21
161	7.15	0.88	211585	48	104.17
162	7.18	0.88	211444	48	104.24
162	7.10	0.88	211718	48	104.30
162	7.16	0.88	211290	48	104.28
161	7.27	0.88	211603	48	104.19
161	7.22	0.89	211680	48	104.25
162	7.15	0.88	211251	48	104.31
162	7.15	0.88	211094	48	104.28
162	6.98	0.88	211775	48	104.75
163	6.87	0.88	211801	48	105.35
162	6.82	0.88	212065	49	105.42
162	6.79	0.88	212085	48	105.29
161	6.90	0.89	212283	48	105.34
162	6.81	0.88	211884	48	105.36
162	6.83	0.88	212003	48	105.39
161	6.94	0.89	211759	48	105.30
162	6.93	0.88	211835	49	105.30
162	7.00	0.89	211823	48	105.32
161	6.96	0.88	211792	48	105.26
162	6.99	0.88	211916	48	105.35
160	6.94	0.88	211908	48	105.25
162	7.02	0.89	211566	48	105.32
161	7.24	0.89	211232	48	104.35
161	7.29	0.89	211100	48	104.26
161	7.33	0.89	210852	48	104.20
160	7.35	0.89	211430	48	104.19
161	7.40	0.89	211048	48	104.24
161	7.39	0.89	211459	48	104.28
161	7.31	0.88	211049	48	104.18
161	7.34	0.88	211392	48	104.28
161	7.34	0.89	210921	49	104.30
162	7.23	0.89	211337	48	104.36
161	7.33	0.89	211117	48	104.25
161	7.30	0.89	211404	48	104.27
161	7.34	0.89	211067	48	104.27
161	7.29	0.89	211589	48	104.21
162	7.37	0.89	210686	48	104.25
160	7.28	0.89	211324	48	104.16
161	7.30	0.89	210837	48	104.23
160	7.26	0.89	211561	48	104.17
161	7.30	0.89	211035	48	104.27
161	7.28	0.88	210793	48	104.21
161	7.29	0.89	211146	48	104.17
160	7.27	0.88	211292	48	104.32
161	7.23	0.89	210774	48	104.34
160	7.22	0.89	210848	48	104.29
160	7.19	0.88	211307	48	104.21
160	7.14	0.88	211265	48	104.22
161	7.23	0.89	210785	48	104.24
161	7.08	0.88	211362	48	104.29
160	7.22	0.89	210852	48	104.20
160	7.20	0.89	211218	48	104.21
160	7.21	0.89	211098	49	104.23
161	7.08	0.89	211057	48	104.35
162	7.25	0.89	211111	48	104.29
160	7.16	0.88	211578	48	104.26
160	7.04	0.88	211431	48	104.26
161	7.22	0.89	211184	48	104.21
160	7.16	0.89	211481	48	104.30
161	7.19	0.89	211429	48	104.25
160	7.22	0.89	210980	48	104.24
160	7.20	0.89	211290	48	104.24
160	7.16	0.89	211184	48	104.22
160	7.20	0.89	211052	48	104.15
161	7.26	0.89	211101	48	104.30
160	7.23	0.89	211393	48	104.25
160	7.15	0.89	211438	48	104.27
161	7.31	0.89	211085	48	104.25
162	7.22	0.88	211242	48	104.38
161	7.31	0.88	211402	49	104.29
162	7.20	0.89	211325	48	104.28
162	7.24	0.89	211348	48	104.34
162	7.31	0.89	211117	48	104.37
162	7.34	0.89	211108	48	104.30
161	7.02	0.88	211661	49	104.32
162	7.11	0.88	211609	49	104.34
161	7.01	0.89	211196	48	104.41
161	7.11	0.88	211197	48	104.25
161	7.07	0.88	211446	48	104.33
162	7.14	0.89	211238	48	104.37
163	7.20	0.88	210936	48	104.30
161	7.07	0.88	211405	48	104.32
161	7.08	0.88	211419	48	104.24
161	7.11	0.88	211324	48	104.36
162	7.16	0.88	211347	48	104.19
161	7.13	0.88	211808	48	104.29
160	7.01	0.88	211601	49	104.40
161	7.06	0.89	211207	48	104.30
162	7.09	0.88	211099	48	104.35
163	7.21	0.88	211037	48	104.35
161	7.13	0.88	211204	48	104.18
162	7.11	0.88	210843	48	104.26
161	7.14	0.88	211425	48	104.29
163	7.22	0.89	211291	48	104.34
162	7.16	0.88	211255	48	104.26
163	7.26	0.89	211530	48	104.35
162	7.13	0.88	211252	49	104.34
161	7.11	0.88	211682	48	104.30
162	7.14	0.88	211446	48	104.22
161	7.12	0.88	211295	49	104.39
162	7.14	0.88	211436	48	104.34
162	7.13	0.88	211363	48	104.34
161	7.16	0.88	211319	48	104.34
163	7.17	0.89	211371	48	104.39
161	7.28	0.89	211704	48	104.23
164	7.22	0.89	210922	48	104.44
162	7.11	0.88	211359	48	104.39
161	7.10	0.88	211631	48	104.26
161	7.33	0.89	211789	48	104.28
161	7.30	0.89	211748	48	104.25
162	7.32	0.89	211670	48	104.21
161	7.30	0.89	211863	48	104.26
162	7.32	0.89	211608	48	104.24
160	7.23	0.89	212215	48	104.25
161	7.25	0.89	212027	48	104.20
160	7.24	0.89	211860	48	104.23
161	7.19	0.89	211781	48	104.25
160	7.21	0.89	211964	48	104.21
160	7.24	0.89	211821	48	104.29
160	7.23	0.89	211784	48	104.19
161	7.24	0.89	211542	48	104.19
160	7.23	0.89	211745	48	104.25
159	7.18	0.89	211986	48	104.26
161	7.21	0.89	211200	48	104.28
160	7.12	0.89	211292	48	104.24
161	7.16	0.89	211580	48	104.31
161	7.13	0.89	211231	48	104.25
160	7.10	0.89	211467	48	104.24
162	7.07	0.89	211544	48	104.46
160	7.13	0.88	211449	48	104.26
162	7.25	0.89	210914	48	104.27
162	7.23	0.89	211273	48	104.40
161	7.16	0.89	211276	48	104.21
160	7.15	0.89	211348	48	104.26
161	7.18	0.89	211174	48	104.32
161	7.17	0.88	211798	48	104.21
161	7.14	0.89	211404	48	104.41
161	7.20	0.88	211744	48	104.28
160	7.25	0.89	211407	48	104.10
160	7.28	0.89	211087	48	104.17
161	7.15	0.88	211115	48	104.38
160	7.28	0.89	211164	48	104.26
161	7.31	0.89	210898	48	104.18
161	7.15	0.88	211163	48	104.31
160	7.21	0.89	211369	48	104.29
162	7.11	0.88	211163	48	104.42
162	7.15	0.88	211287	48	104.36
161	7.25	0.89	210905	48	104.20
161	7.05	0.88	211386	48	104.20
162	7.15	0.88	211454	48	104.34
162	7.20	0.88	211427	48	104.31
162	7.13	0.88	211307	48	104.38
163	7.19	0.88	211410	48	104.41
162	7.15	0.88	211249	48	104.30
162	7.17	0.89	211552	48	104.35
161	7.18	0.88	211516	48	104.25
161	7.08	0.88	211578	48	104.25
162	7.23	0.89	211000	48	104.29
161	7.16	0.88	211101	48	104.29
162	7.18	0.89	211049	48	104.29
162	7.08	0.89	210722	48	104.36
161	7.14	0.89	211019	48	104.24
160	7.12	0.89	210916	48	104.14
162	7.21	0.88	210958	48	104.34
161	7.18	0.88	211363	48	104.28
162	7.22	0.89	210880	48	104.29
162	7.21	0.88	211015	48	104.31
162	7.21	0.88	211108	48	104.34
161	7.17	0.88	211065	48	104.30
160	7.11	0.88	211481	48	104.18
162	7.15	0.88	210980	48	104.28
161	7.16	0.89	211119	48	104.28
161	7.10	0.89	211405	48	104.28
161	7.11	0.89	211476	48	104.26
162	7.17	0.89	210531	48	104.37
160	7.10	0.89	211143	48	104.26
160	7.11	0.88	211435	48	104.18
161	7.15	0.89	211262	48	104.33
161	7.17	0.88	211283	48	104.31
162	7.21	0.88	211299	49	104.33
162	7.22	0.89	210895	48	104.33
162	7.22	0.89	211374	48	104.33
161	7.13	0.89	211147	48	104.26
162	7.19	0.89	211103	48	104.33
161	7.09	0.89	211417	48	104.26
160	7.08	0.88	211490	49	104.23
161	7.14	0.88	211241	48	104.33
162	7.17	0.88	211092	48	104.24
161	7.13	0.88	211118	48	104.24
161	7.13	0.88	211506	48	104.26
161	7.11	0.89	211227	48	104.21
162	7.18	0.89	210984	48	104.26
161	7.20	0.88	211303	48	104.16
162	7.22	0.89	211156	48	104.34
162	7.24	0.88	210836	48	104.30
161	7.13	0.89	211005	48	104.25
162	7.19	0.88	211035	48	104.30
161	7.14	0.88	211274	48	104.17
160	7.09	0.88	211292	48	104.27
161	7.10	0.88	211316	48	104.25
161	7.15	0.89	210852	48	104.29
160	7.09	0.88	211335	48	104.17
161	7.12	0.89	211213	48	104.22
161	7.22	0.88	210726	48	104.26
161	7.27	0.89	210713	48	104.21
161	7.23	0.88	211094	48	104.22
160	7.19	0.89	211246	48	104.19
162	7.28	0.89	210789	48	104.16
160	7.18	0.89	211083	48	104.11
160	7.20	0.89	211085	48	104.16
159	7.14	0.88	211206	48	104.14
162	7.28	0.90	210803	48	104.24
161	7.26	0.88	210752	48	104.22
162	7.08	0.89	211346	48	104.27
161	7.23	0.89	210892	48	104.19
160	7.20	0.89	211281	48	104.12
161	7.25	0.89	210770	48	104.17
160	7.23	0.89	211060	48	104.20
161	7.12	0.89	211031	48	104.29
160	7.09	0.89	211276	48	104.21
161	7.10	0.89	211255	48	104.30
160	7.11	0.89	211498	48	104.22
161	7.08	0.89	211104	48	104.32
162	7.08	0.89	211406	48	104.42
161	7.24	0.89	210982	48	104.18
160	7.04	0.88	211432	48	104.28
161	7.06	0.89	211016	48	104.32
161	7.06	0.88	211226	48	104.29
160	7.28	0.89	211159	48	104.23
161	7.08	0.88	211286	48	104.27
161	7.11	0.89	211075	48	104.40
160	7.26	0.88	211288	48	104.26
162	7.14	0.88	211061	48	104.20
162	7.15	0.89	211428	48	104.29
162	7.13	0.88	211092	48	104.40
162	7.21	0.88	210969	48	104.31
162	7.20	0.88	211226	48	104.32
161	7.18	0.89	211240	48	104.19
163	7.17	0.88	210695	48	104.37
161	7.12	0.88	211749	48	104.32
161	7.18	0.88	211306	48	104.19
162	7.20	0.88	210656	48	104.40
163	7.24	0.88	210854	48	104.27
162	7.15	0.88	211175	48	104.27
162	7.19	0.88	211070	48	104.31
161	7.23	0.88	210894	48	104.19
162	7.24	0.88	210992	48	104.25
161	7.18	0.88	210993	48	104.16
162	7.24	0.89	210811	48	104.27
162	7.19	0.89	211016	48	104.28
162	7.19	0.89	211067	48	104.30
161	7.17	0.88	211185	48	104.24
160	7.10	0.89	211050	48	104.26
161	7.11	0.89	210990	48	104.20
161	7.11	0.89	211003	48	104.29
162	7.27	0.89	211145	48	104.36
162	7.12	0.88	211168	48	104.31
163	7.19	0.89	210948	48	104.42
163	7.10	0.88	211092	48	104.35
161	7.10	0.88	211456	48	104.39
161	7.11	0.88	211254	48	104.22
160	7.17	0.89	211792	48	104.28
161	7.12	0.88	210955	48	104.25
162	7.34	0.89	210908	48	104.19
161	7.31	0.88	210881	49	104.26
163	7.37	0.89	210608	48	104.24
160	7.20	0.88	210896	48	104.09
161	7.33	0.89	210639	48	104.12
159	7.28	0.89	211282	48	104.12
162	7.33	0.89	210414	48	104.23
160	7.25	0.89	210530	48	104.06
162	7.34	0.88	210791	48	104.19
161	7.33	0.89	211260	48	104.15
162	7.21	0.88	211671	48	104.16
162	7.17	0.88	211220	48	104.36
163	7.15	0.88	210901	48	104.35
162	7.16	0.88	211124	48	104.31
162	7.18	0.88	210952	48	104.41
162	7.11	0.88	211025	48	104.41
162	7.12	0.88	211137	48	104.27
161	7.13	0.88	211129	48	104.42
162	7.11	0.88	211066	48	104.41
162	7.15	0.88	210813	48	104.32
163	7.19	0.88	210760	48	104.34
163	7.19	0.88	210928	48	104.31
163	7.21	0.89	210826	48	104.43
163	7.20	0.89	210645	48	104.26
161	7.09	0.88	211351	48	104.36
163	7.16	0.88	210782	48	104.41
162	7.14	0.88	211031	48	104.34
161	7.11	0.88	211278	48	104.11
162	7.15	0.88	211624	48	104.42
162	7.13	0.88	211162	48	104.33
162	7.13	0.88	211071	48	104.32
162	7.17	0.88	210869	48	104.31
162	7.15	0.88	210855	48	104.19
162	7.16	0.88	211289	48	104.24
162	7.17	0.89	210966	48	104.19
162	7.04	0.88	211116	48	104.31
161	7.06	0.88	211515	48	104.28
161	7.10	0.89	211187	48	104.36
161	7.06	0.89	211335	48	104.30
161	7.08	0.89	211133	48	104.30
162	7.08	0.89	211105	48	104.38
161	6.97	0.88	211722	48	104.77
162	6.96	0.88	211280	49	104.72
161	7.07	0.89	211104	48	104.32
162	7.12	0.89	211091	48	104.30
161	7.07	0.88	211050	48	104.27
161	7.07	0.89	211077	48	104.29
161	7.08	0.89	211158	48	104.38
162	7.10	0.88	211103	48	104.29
162	7.08	0.88	210900	48	104.30
163	7.20	0.88	211141	48	104.41
161	7.10	0.88	211532	48	104.24
161	7.04	0.88	211328	48	104.27
162	7.08	0.89	210964	48	104.40
160	7.17	0.89	211079	48	104.26
161	7.25	0.89	210918	48	104.18
161	7.27	0.89	210754	48	104.13
161	7.23	0.89	210655	48	104.17
161	7.12	0.89	210574	48	104.22
161	7.12	0.89	210619	48	104.22
161	7.11	0.88	211456	48	104.25
160	7.10	0.89	211368	48	104.12
161	7.12	0.89	211300	48	104.16
161	7.13	0.88	211207	48	104.22
162	7.13	0.88	211655	49	104.27
163	7.15	0.88	211008	48	104.22
160	7.10	0.88	211104	48	104.14
162	7.06	0.88	211640	48	104.21
162	7.11	0.88	211632	48	104.32
163	7.14	0.88	210862	48	104.19
162	7.19	0.87	211408	48	104.18
162	7.19	0.89	211178	48	104.19
163	7.21	0.89	211130	48	104.37
162	7.18	0.89	210840	48	104.26
162	7.18	0.88	211317	48	104.32
162	7.09	0.88	211179	48	104.32
162	7.10	0.88	211446	48	104.41
161	7.19	0.89	211796	48	104.24
162	7.13	0.88	211232	48	104.28
162	7.10	0.88	211079	48	104.45
162	7.11	0.88	211373	48	104.22
162	7.18	0.89	210961	48	104.19
163	7.09	0.89	211038	48	104.32
161	7.02	0.88	211276	48	104.14
162	7.08	0.89	211133	48	104.15
160	7.00	0.88	211068	48	104.10
161	7.03	0.88	211457	48	104.16
162	7.09	0.89	211354	48	104.14
161	7.03	0.89	211206	48	104.24
162	7.04	0.88	211075	48	104.17
161	7.01	0.88	211685	48	104.18
162	7.06	0.88	210952	48	104.12
160	7.07	0.88	211781	48	104.09
161	7.03	0.89	211173	48	104.36
161	7.03	0.88	211272	48	104.22
161	7.04	0.89	211329	48	104.23
161	7.10	0.89	211546	48	104.18
161	7.10	0.89	211270	48	104.22
163	7.10	0.89	211038	48	104.27
162	7.10	0.90	210928	48	104.27
160	6.95	0.88	211459	48	104.42
161	6.88	0.89	212006	48	105.23
161	6.96	0.89	212335	48	105.23
161	6.86	0.89	212095	48	105.25
161	6.86	0.89	211847	48	105.29
161	6.85	0.89	211839	48	105.26
160	6.92	0.88	212548	48	105.24
162	6.91	0.89	211468	48	105.15
162	6.92	0.88	211516	48	105.19
162	7.13	0.88	210771	48	104.55
162	7.15	0.88	211249	49	104.25
162	7.12	0.88	211148	48	104.19
162	7.15	0.88	211089	48	104.23
162	7.16	0.88	210851	48	104.25
162	7.13	0.88	210788	48	104.19
162	7.13	0.88	211097	48	104.24
162	7.15	0.88	210785	48	104.19
161	7.11	0.88	211042	48	104.29
162	7.17	0.88	210886	48	104.21
161	7.14	0.88	210894	48	104.37
161	7.10	0.88	211068	48	104.20
162	7.14	0.88	210987	48	104.24
162	7.14	0.88	211036	48	104.28
162	7.13	0.88	211054	48	104.26
162	7.17	0.89	210923	48	104.27
162	7.09	0.88	211321	48	104.48
163	7.17	0.88	211007	48	104.34
162	7.09	0.88	210998	48	104.27
161	7.30	0.89	210739	48	104.21
160	7.25	0.89	210822	48	104.07
161	7.27	0.89	210916	48	104.14
161	7.18	0.89	211341	48	104.24
161	7.17	0.88	211470	48	104.28
161	7.16	0.88	211367	48	104.26
162	7.15	0.88	211159	48	104.24
161	7.16	0.89	211400	48	104.25
163	7.25	0.89	211005	48	104.33
161	7.19	0.88	211321	48	104.30
162	7.19	0.89	211421	48	104.24
133	5.75	0.75	221503	48	103.99
126	5.45	0.71	224336	48	103.51
125	5.41	0.72	185932	48	103.47
