Avg_MHz	Busy%	IPC	IRQ	PkgTmp	PkgWatt
130	5.39	0.66	231057	48	102.85
129	5.42	0.66	230963	48	102.76
128	5.60	0.67	230641	48	101.95
129	5.74	0.66	231213	48	101.78
129	5.91	0.66	231011	48	101.02
128	5.78	0.67	230989	48	101.53
128	5.69	0.67	231512	48	101.11
129	5.85	0.66	231405	48	101.09
129	5.92	0.66	231225	48	101.10
129	5.78	0.66	231386	48	101.10
128	5.78	0.67	231036	48	101.06
128	5.79	0.67	231173	48	101.01
128	5.78	0.67	231049	48	101.11
128	5.82	0.67	230925	47	101.05
128	5.77	0.67	231176	48	101.12
128	5.87	0.67	231214	48	100.95
128	5.91	0.67	230763	48	100.82
128	5.92	0.67	231073	48	100.78
128	5.93	0.67	231009	48	100.76
129	5.83	0.67	231306	47	101.02
128	5.79	0.67	230960	48	101.04
128	5.93	0.67	230772	48	100.91
129	5.91	0.66	231615	48	101.05
129	5.92	0.66	230802	48	101.10
129	5.96	0.66	230828	48	100.97
129	5.93	0.66	231301	48	101.00
129	6.00	0.66	231096	48	100.95
129	5.90	0.66	231204	48	100.92
129	5.94	0.66	231100	48	101.06
129	5.99	0.66	231052	48	101.02
129	5.92	0.66	231394	48	100.97
128	5.83	0.67	231301	48	101.14
129	6.00	0.66	231060	48	100.95
129	5.78	0.66	231456	48	101.27
128	5.91	0.67	231206	48	100.98
128	5.93	0.67	231344	47	100.99
128	5.81	0.67	231284	48	101.17
128	5.89	0.67	231077	48	100.99
128	5.88	0.67	231300	48	101.14
129	5.85	0.67	230869	48	101.14
128	5.90	0.67	230970	48	100.96
136	6.00	0.67	231781	48	103.45
129	5.77	0.67	231721	48	101.41
129	5.76	0.67	231356	48	101.27
129	5.78	0.66	231505	48	101.32
130	5.78	0.67	231993	48	101.48
131	5.89	0.66	231966	48	102.57
130	5.77	0.66	231435	48	101.26
129	5.83	0.66	231453	48	101.15
129	5.84	0.66	231426	48	101.14
129	5.82	0.67	231893	48	101.19
130	5.83	0.67	231646	48	101.42
135	6.00	0.68	232456	48	102.88
128	5.60	0.67	231588	48	101.85
129	5.65	0.66	231686	48	101.81
129	5.51	0.67	231293	48	102.04
130	5.68	0.66	231639	48	101.95
130	5.74	0.66	231715	48	101.95
130	5.70	0.66	231823	48	101.74
129	5.81	0.66	231267	48	101.12
129	5.77	0.66	231060	48	101.13
129	5.81	0.66	230963	48	101.05
129	5.80	0.66	231393	48	101.07
130	5.86	0.66	231199	48	101.11
129	5.78	0.66	231234	48	101.31
130	5.89	0.66	231145	48	101.14
130	5.92	0.66	231388	48	101.01
130	5.91	0.66	231016	48	101.06
129	5.78	0.66	231421	48	101.21
130	5.88	0.66	231358	48	101.11
130	5.89	0.66	231252	48	101.12
130	5.90	0.66	230896	48	101.13
130	5.86	0.66	231366	48	101.10
129	5.93	0.66	231186	48	101.00
130	5.87	0.66	231602	48	101.02
130	5.94	0.66	230983	48	101.09
130	5.89	0.66	231512	48	101.09
130	5.92	0.66	231364	47	101.05
129	6.00	0.66	231398	47	100.97
129	6.04	0.66	230915	48	100.95
129	6.01	0.66	231017	48	100.97
130	5.88	0.66	230865	48	101.08
129	5.91	0.66	231366	47	101.15
129	5.85	0.66	230940	48	101.15
129	5.78	0.66	230984	48	101.07
130	5.86	0.66	231192	48	101.03
129	5.78	0.66	231552	48	101.14
129	5.83	0.66	231482	48	101.21
129	5.85	0.66	231282	48	101.21
129	5.73	0.66	231519	48	101.32
129	5.91	0.66	231192	48	101.11
129	5.93	0.66	230985	48	101.03
129	5.97	0.66	231449	48	101.19
129	5.85	0.66	231350	48	101.27
130	5.95	0.66	231340	48	101.07
129	5.87	0.66	230790	48	101.03
129	5.88	0.66	231104	48	101.02
129	5.88	0.66	231101	48	101.11
129	5.87	0.66	231433	48	101.03
129	5.89	0.66	230512	48	101.04
130	5.95	0.66	231278	48	101.12
129	5.78	0.66	231537	48	101.31
129	5.84	0.66	231545	48	101.20
129	5.87	0.66	231111	48	101.11
129	5.73	0.66	231451	48	101.20
129	5.77	0.66	231610	48	101.26
129	5.74	0.66	231512	48	101.30
129	5.77	0.66	231332	48	101.33
129	5.73	0.66	231687	48	101.35
129	5.70	0.67	231689	48	101.22
129	5.72	0.67	231547	48	101.33
129	5.79	0.66	231227	48	101.25
128	5.83	0.66	231079	48	101.02
128	5.81	0.67	231245	48	101.22
129	5.78	0.66	231291	48	101.03
129	5.87	0.66	230873	48	101.18
129	5.90	0.66	231083	48	100.99
128	5.84	0.67	231216	48	101.00
129	5.88	0.66	231011	48	101.00
129	5.90	0.66	230855	48	101.17
129	5.89	0.66	231051	48	100.94
129	5.71	0.66	231603	48	101.37
129	5.75	0.66	231466	48	101.26
129	5.71	0.66	231198	48	101.34
128	5.66	0.67	231431	48	101.23
128	5.60	0.67	231313	48	101.43
130	5.75	0.66	231364	48	101.33
130	5.95	0.66	231074	48	101.23
130	5.91	0.66	231236	47	101.05
130	5.96	0.66	231352	48	101.13
129	5.91	0.66	230781	48	101.04
129	5.85	0.66	230642	48	101.17
130	5.97	0.66	231228	48	100.98
129	5.89	0.66	231444	48	101.01
130	5.98	0.66	231066	48	100.95
129	5.86	0.66	230652	48	101.03
129	5.85	0.66	231096	48	100.95
129	5.90	0.66	231146	48	100.96
129	5.93	0.66	231249	48	100.98
131	6.02	0.66	230934	48	101.04
129	5.80	0.66	231486	48	101.20
129	5.70	0.66	231651	48	101.24
129	5.73	0.66	231480	48	101.30
129	5.73	0.66	231455	48	101.23
129	5.73	0.66	231500	48	101.19
130	5.74	0.66	231059	48	101.29
129	5.71	0.66	231434	48	101.14
129	5.66	0.66	231380	48	101.28
129	5.77	0.66	231379	48	101.12
130	5.79	0.66	231517	48	101.21
130	5.90	0.66	231015	48	100.92
130	5.85	0.66	231143	48	101.08
130	5.90	0.66	231434	48	100.95
130	5.84	0.66	231424	48	101.01
130	5.90	0.66	230804	48	100.96
130	5.88	0.66	231432	48	101.06
130	5.80	0.66	231577	48	101.11
129	5.73	0.66	231647	48	101.13
130	5.84	0.66	231038	48	101.01
130	5.85	0.66	231260	48	101.06
129	5.83	0.66	231585	48	100.93
129	5.81	0.66	231499	48	101.09
129	5.85	0.66	231142	48	101.06
129	5.84	0.66	231313	48	101.06
129	5.83	0.66	231458	48	100.99
130	5.79	0.66	231365	48	101.10
129	5.79	0.66	231378	48	101.12
128	5.80	0.67	231492	48	101.11
129	5.82	0.66	231638	48	101.13
130	5.83	0.66	231443	48	101.16
130	5.89	0.66	231222	48	101.05
129	5.83	0.66	231407	48	101.00
129	5.73	0.66	231841	48	101.15
129	5.83	0.66	231590	48	101.07
130	5.86	0.66	231065	48	101.11
130	5.88	0.66	231161	48	100.93
130	5.78	0.66	231623	48	101.17
130	5.84	0.66	231454	48	101.04
130	5.86	0.66	231296	48	100.99
130	5.85	0.66	231130	48	101.03
129	5.85	0.66	231589	48	101.12
130	5.87	0.66	231489	47	101.12
129	5.85	0.66	231125	48	101.06
130	5.91	0.66	231006	48	101.04
130	5.89	0.66	231448	48	100.98
130	5.85	0.66	231117	48	101.12
130	5.84	0.66	231045	48	101.07
130	5.84	0.66	231238	48	100.97
130	5.84	0.66	231346	48	101.02
130	5.85	0.66	231135	48	100.94
130	5.91	0.66	231008	48	101.04
130	5.86	0.66	231284	48	101.02
130	5.90	0.66	231531	48	101.03
130	5.87	0.66	231263	48	101.11
129	5.82	0.66	231250	48	101.06
130	5.89	0.66	231159	48	101.03
130	5.84	0.66	231466	48	101.04
129	5.79	0.66	231625	48	101.22
129	5.84	0.67	231378	48	101.10
129	5.80	0.66	231302	48	101.11
130	5.82	0.66	231534	48	101.11
130	5.89	0.66	231069	48	101.04
129	5.80	0.66	231091	48	101.03
129	5.81	0.66	231293	48	101.04
130	5.84	0.66	231404	48	101.16
130	5.90	0.66	231055	48	101.12
130	5.87	0.66	231000	48	101.14
130	5.84	0.66	231136	48	101.04
129	5.82	0.67	231312	48	101.14
129	5.95	0.66	231161	48	101.11
129	5.80	0.66	231340	48	101.23
130	5.86	0.66	231277	48	101.03
129	5.82	0.66	231009	48	101.20
129	5.92	0.66	231016	48	101.22
128	5.93	0.67	231044	48	101.03
128	5.89	0.67	230994	48	101.14
128	5.96	0.67	231390	48	101.05
129	5.93	0.66	230741	48	101.08
130	6.08	0.66	231267	48	100.98
129	6.01	0.66	231234	48	101.20
129	6.04	0.66	231405	48	100.99
129	5.87	0.66	231249	48	101.22
129	5.99	0.66	230739	48	100.96
129	5.96	0.66	231044	48	101.09
129	6.01	0.66	231409	48	100.89
129	5.99	0.66	231111	48	101.03
128	5.95	0.67	231100	48	101.01
128	5.91	0.67	231167	48	101.05
129	5.98	0.66	231491	48	101.08
129	5.92	0.66	231000	48	101.09
128	5.92	0.67	230941	48	101.05
129	5.93	0.66	231248	48	101.14
129	5.86	0.66	231668	48	101.11
129	5.99	0.66	230928	48	101.07
130	6.05	0.66	231249	48	101.09
128	5.89	0.67	231127	48	101.12
128	5.93	0.67	231641	48	101.07
129	6.07	0.66	230859	48	100.99
130	6.05	0.66	231275	48	101.12
129	6.05	0.66	231128	48	101.02
129	6.03	0.66	231342	48	101.10
129	6.04	0.66	231160	48	101.00
129	6.02	0.66	231251	48	101.33
128	5.90	0.67	231136	48	101.13
129	5.91	0.66	231385	48	101.20
128	5.93	0.67	230950	48	101.08
128	5.92	0.67	231160	48	100.99
128	5.93	0.67	231181	48	101.06
129	5.95	0.67	231471	48	101.12
129	5.98	0.66	230751	48	101.00
129	5.99	0.66	230909	48	100.98
128	5.92	0.67	231066	48	101.07
129	5.85	0.66	231389	48	101.11
128	5.93	0.67	230967	48	101.16
128	5.96	0.67	231131	48	100.94
128	5.95	0.67	231050	48	101.08
129	5.78	0.66	231689	48	101.37
129	5.92	0.66	230803	48	100.95
129	6.06	0.66	231285	48	101.12
129	6.05	0.66	231228	47	101.09
129	5.93	0.66	231465	48	101.09
129	6.06	0.66	230987	48	101.00
129	6.04	0.66	231600	48	101.06
129	5.86	0.67	231935	48	101.38
130	5.89	0.67	231062	48	101.49
130	5.78	0.69	229557	48	103.01
130	5.58	0.69	230410	48	103.25
130	5.58	0.69	230133	48	102.95
129	5.88	0.67	231236	48	101.10
129	5.96	0.66	230861	48	101.04
129	5.98	0.66	230909	48	101.01
131	5.78	0.69	229991	48	103.01
130	5.58	0.69	230341	48	103.36
130	5.64	0.69	230355	48	103.15
129	5.61	0.67	231598	48	102.44
130	5.77	0.66	231820	48	101.51
130	5.77	0.66	231359	48	101.33
131	5.69	0.69	229929	48	102.76
131	5.78	0.69	229727	48	103.16
131	5.70	0.69	230270	48	103.06
131	5.78	0.69	230217	48	102.94
131	5.84	0.69	229979	48	102.86
131	5.77	0.69	229939	48	102.96
130	5.78	0.69	229899	49	102.95
131	5.81	0.69	229991	49	103.15
130	5.74	0.69	229868	48	103.00
131	5.76	0.69	229818	48	103.14
131	5.80	0.69	230095	48	102.86
131	5.70	0.69	230100	49	103.15
131	5.81	0.69	229889	48	103.01
131	5.83	0.69	229896	49	103.07
131	5.82	0.69	229993	48	102.97
131	5.65	0.69	230152	48	103.17
130	5.55	0.69	230000	48	103.27
130	5.58	0.69	229905	48	103.23
131	5.54	0.69	230195	49	103.32
131	5.56	0.69	230051	48	103.47
131	5.56	0.69	230370	48	103.36
131	5.56	0.69	230628	49	103.44
131	5.56	0.69	230590	48	103.28
131	5.51	0.69	230249	49	103.39
130	5.42	0.69	230334	49	103.37
131	5.56	0.69	230505	49	103.47
131	5.47	0.69	230779	49	103.30
130	5.42	0.69	230075	48	103.29
130	5.42	0.69	230339	49	103.34
130	5.42	0.69	230407	48	103.30
130	5.48	0.69	230522	49	103.21
131	5.57	0.69	230302	49	103.29
131	5.58	0.69	230173	49	103.26
130	5.42	0.69	230317	49	103.36
132	5.57	0.68	230236	48	103.22
130	5.45	0.69	229983	49	103.29
132	5.60	0.68	230156	49	103.13
132	5.60	0.68	230229	48	103.24
132	5.55	0.68	229977	48	103.18
130	5.43	0.69	229923	48	103.29
130	5.44	0.69	229763	48	103.31
130	5.43	0.69	230303	49	103.36
130	5.47	0.69	230252	48	103.29
131	5.54	0.69	230117	49	103.28
130	5.49	0.69	230024	49	103.03
130	5.47	0.69	230393	49	103.00
131	5.55	0.69	230571	49	103.10
131	5.37	0.69	230346	48	103.36
132	5.47	0.68	230439	49	103.35
132	5.58	0.68	230254	49	103.11
132	5.58	0.68	230357	49	103.23
131	5.52	0.69	230334	48	103.25
130	5.37	0.69	230527	49	103.50
131	5.46	0.69	230164	49	103.46
130	5.42	0.69	230460	48	103.35
131	5.55	0.69	230172	49	103.38
131	5.54	0.69	230362	49	103.38
130	5.43	0.69	230434	49	103.21
131	5.47	0.69	230059	48	103.46
130	5.46	0.69	229901	49	103.59
131	5.45	0.69	229943	49	103.42
130	5.45	0.69	230281	49	103.54
130	5.46	0.69	230208	49	103.38
131	5.45	0.69	230264	49	103.55
130	5.44	0.69	229953	49	103.36
130	5.42	0.69	230625	49	103.36
130	5.42	0.69	230099	49	103.39
129	5.41	0.70	230248	49	103.38
129	5.42	0.70	230384	49	103.37
129	5.40	0.70	230499	49	103.63
130	5.42	0.69	230047	49	103.42
130	5.63	0.69	229891	49	103.07
130	5.60	0.69	229929	49	103.39
130	5.58	0.69	230255	49	103.48
130	5.57	0.69	230012	49	103.28
130	5.61	0.69	229893	49	103.43
131	5.63	0.69	229629	49	103.38
131	5.63	0.69	229898	49	103.53
131	5.56	0.69	229969	49	103.48
130	5.60	0.69	229929	49	103.31
130	5.63	0.69	229803	49	103.43
130	5.62	0.69	229778	49	103.33
130	5.53	0.69	229722	49	103.46
130	5.61	0.69	230043	48	103.73
130	5.56	0.69	230253	48	103.63
130	5.61	0.69	230246	49	103.39
129	5.49	0.70	230017	48	103.37
130	5.60	0.69	229687	49	103.46
130	5.58	0.69	229893	48	103.45
130	5.57	0.70	230315	49	103.60
131	5.87	0.69	229502	49	103.17
131	5.71	0.69	230072	49	103.25
130	5.85	0.69	229434	48	103.29
131	5.78	0.69	229929	49	103.24
131	5.80	0.69	229509	49	103.28
131	5.85	0.69	229432	49	103.10
131	5.84	0.69	229556	49	103.34
132	5.87	0.69	229738	49	103.67
131	5.79	0.69	229562	49	103.12
131	5.74	0.69	229677	49	103.43
130	5.58	0.69	230253	49	103.39
130	5.62	0.69	230161	49	103.47
130	5.58	0.69	230004	49	103.50
131	5.69	0.69	229774	49	103.39
131	5.81	0.69	229578	49	103.35
130	5.80	0.69	229777	49	103.36
131	5.74	0.69	229606	49	103.29
130	5.78	0.69	229603	49	103.40
130	5.81	0.69	229765	49	103.06
130	5.46	0.69	230753	49	103.54
130	5.47	0.69	230514	48	103.53
131	5.66	0.69	230420	49	103.38
131	5.73	0.69	230267	49	103.43
130	5.64	0.69	230062	49	103.60
130	5.53	0.69	230141	49	103.37
130	5.63	0.69	229824	49	103.41
130	5.50	0.69	229933	49	103.60
130	5.64	0.69	230275	49	103.64
130	5.65	0.69	229510	49	103.38
129	5.89	0.66	231632	49	101.45
130	5.88	0.66	231410	49	101.29
129	5.83	0.66	231490	49	101.34
129	5.84	0.66	230990	49	101.42
129	5.85	0.66	231268	49	101.36
129	5.80	0.66	231411	49	101.27
130	5.89	0.66	231463	49	101.25
130	5.96	0.65	231098	49	101.29
131	5.92	0.65	231628	49	101.48
131	6.03	0.65	231375	48	101.28
131	5.96	0.66	231725	48	101.41
129	5.82	0.66	231242	48	101.40
130	5.91	0.66	231125	48	101.38
129	5.81	0.66	231372	49	101.39
130	5.93	0.66	231690	49	101.32
129	5.83	0.66	231584	49	101.41
128	5.76	0.67	231865	49	101.44
128	5.87	0.67	231164	49	101.38
129	6.01	0.66	231239	48	101.28
129	5.94	0.66	231006	49	101.29
129	5.98	0.66	231009	49	101.26
128	5.93	0.67	231572	49	101.26
129	6.00	0.66	231428	49	101.19
130	6.15	0.66	231183	48	101.31
129	5.94	0.66	231413	49	101.16
129	5.88	0.66	231696	48	101.51
129	5.84	0.66	231820	48	101.47
129	5.88	0.66	231367	49	101.20
130	5.85	0.66	231576	49	101.14
130	5.91	0.66	231455	49	101.18
130	5.90	0.66	231387	48	101.19
130	5.91	0.66	231482	48	101.15
130	5.89	0.66	231596	48	101.21
129	5.79	0.66	231407	48	101.22
129	5.76	0.66	231480	48	101.15
129	5.80	0.66	231182	48	101.10
129	5.78	0.66	231445	48	101.13
129	5.79	0.66	231290	48	101.12
129	5.73	0.66	231512	48	101.23
129	5.84	0.66	231109	48	101.12
130	5.81	0.66	231827	49	101.19
129	5.81	0.66	231550	48	101.09
129	5.78	0.66	231723	48	101.18
129	5.84	0.66	231324	48	101.19
129	5.79	0.66	231754	48	101.07
129	5.83	0.66	231475	48	101.27
129	5.83	0.66	231193	48	101.12
129	5.80	0.66	231070	48	101.02
129	5.77	0.66	231524	48	101.26
129	5.80	0.66	231392	49	101.20
129	5.75	0.66	231833	48	101.31
129	5.74	0.66	231425	48	101.37
129	5.76	0.66	231619	48	101.40
129	5.74	0.66	231685	49	101.39
129	5.69	0.66	231638	48	101.38
129	5.76	0.66	231291	48	101.41
129	5.84	0.66	231643	48	101.23
129	5.77	0.66	231681	48	101.33
128	5.83	0.67	231572	49	101.33
129	6.03	0.66	230960	48	101.03
129	6.03	0.66	231093	49	101.05
129	6.02	0.66	231217	48	101.07
129	5.95	0.66	231271	48	101.14
129	6.04	0.66	231176	48	101.01
129	5.91	0.66	231476	48	101.08
129	6.03	0.66	231465	48	101.01
129	6.03	0.66	231102	48	100.97
129	6.06	0.66	230960	48	101.05
129	6.05	0.66	231275	48	101.06
129	6.02	0.66	231427	48	101.15
129	6.02	0.66	231297	48	101.03
129	6.01	0.66	231268	48	101.01
129	5.99	0.66	231409	48	101.13
129	6.03	0.66	231296	48	100.98
129	6.04	0.66	230952	48	100.96
129	6.00	0.66	231126	48	101.19
129	6.04	0.66	231430	48	100.97
129	5.99	0.66	231555	48	101.12
129	5.98	0.66	231170	49	101.02
129	5.86	0.66	231249	48	101.25
130	5.87	0.66	231060	48	101.13
129	5.83	0.66	231618	48	101.14
128	5.81	0.67	231651	48	101.28
128	5.80	0.67	231395	48	101.36
128	5.81	0.67	231474	48	101.23
129	5.83	0.66	231685	48	101.19
128	5.81	0.67	231483	48	101.27
128	5.79	0.67	231204	48	101.32
128	5.82	0.67	231628	48	101.28
129	5.82	0.66	231921	48	101.32
129	5.81	0.66	231638	48	101.30
128	5.85	0.66	231347	48	101.27
128	5.95	0.66	231036	49	101.07
128	5.96	0.67	231226	48	100.98
128	5.82	0.67	231401	48	101.21
128	5.96	0.66	230939	48	101.02
128	5.98	0.66	231240	48	101.09
128	5.81	0.66	231223	48	101.25
129	6.00	0.66	230266	48	101.08
129	5.98	0.66	230894	48	101.12
128	5.92	0.66	231339	48	101.13
129	5.90	0.66	231479	48	101.15
129	5.96	0.66	230981	48	101.07
128	5.99	0.66	230907	48	101.04
128	5.96	0.66	231408	48	101.10
128	5.88	0.67	231306	49	101.11
129	6.07	0.66	231276	48	101.00
128	5.97	0.66	231192	48	101.04
128	5.94	0.67	231430	48	101.24
129	5.99	0.67	231017	48	101.06
128	5.95	0.66	230850	48	101.15
128	5.92	0.66	231107	48	101.22
129	5.95	0.66	231262	48	101.15
129	5.86	0.66	231390	49	101.38
128	5.90	0.66	231119	48	101.20
128	5.95	0.66	230955	48	101.15
128	5.86	0.67	231335	49	101.18
129	5.98	0.66	230940	48	101.10
128	5.95	0.66	231313	48	101.22
128	5.96	0.67	231018	48	101.08
129	6.00	0.66	231279	48	101.13
128	5.86	0.67	231333	48	101.28
129	5.98	0.66	231136	49	101.13
128	5.93	0.66	231284	48	101.10
128	5.82	0.67	231600	48	101.40
129	5.95	0.66	231274	48	101.23
130	6.10	0.66	230937	48	101.08
129	6.08	0.66	231198	49	101.22
130	6.09	0.66	231364	48	101.18
129	5.98	0.66	231172	48	101.27
130	6.10	0.66	230990	48	101.18
129	6.08	0.66	231183	48	101.06
130	6.08	0.66	231172	48	101.19
130	6.07	0.66	231212	48	101.08
130	6.10	0.66	231079	48	101.15
130	6.09	0.66	231152	48	101.10
129	5.93	0.66	231573	48	101.23
130	6.07	0.66	231068	48	101.13
129	6.06	0.66	231321	48	101.25
130	6.09	0.66	230975	48	101.13
130	6.09	0.66	231305	48	101.14
130	6.10	0.66	230916	49	101.12
130	6.09	0.66	231250	48	101.31
129	6.08	0.66	231082	48	101.15
129	5.95	0.66	231597	48	101.12
129	5.80	0.66	231586	48	101.48
129	5.83	0.66	231641	48	101.35
129	5.85	0.66	231429	48	101.38
129	5.86	0.66	231681	48	101.28
129	5.65	0.66	231354	48	101.43
130	5.79	0.66	231487	49	101.46
130	5.79	0.66	231696	49	101.32
130	5.90	0.66	231618	48	101.23
129	5.69	0.66	231692	48	101.39
130	5.82	0.66	231545	48	101.25
130	5.86	0.66	231481	48	101.31
130	5.76	0.66	-4294735276	48	101.46
130	5.70	0.66	  231735	48	101.47
130	5.66	0.66	  232029	48	101.59
130	5.90	0.66	  231376	48	101.18
129	5.82	0.66	  231546	48	101.30
129	5.70	0.66	  231650	48	101.35
130	5.89	0.66	  231334	48	101.23
130	5.89	0.66	  231278	48	101.27
130	5.88	0.66	  231606	48	101.20
130	5.76	0.66	  231523	48	101.44
130	5.84	0.66	  231324	48	101.28
130	5.88	0.66	  231230	48	101.18
130	5.89	0.66	  231505	48	101.24
130	5.88	0.66	  231221	48	101.17
130	5.81	0.66	  231722	48	101.42
130	5.89	0.66	  231422	48	101.23
130	5.83	0.66	  231804	48	101.15
129	5.86	0.66	  231237	48	101.28
129	5.72	0.66	  231631	48	101.26
129	5.73	0.66	  231530	48	101.28
129	5.77	0.66	  231643	48	101.19
128	5.70	0.66	  220741	49	101.16
